[
  [
    [
      [
        0,
        9,
        [
          0,
          1,
          7,
          5,
          2
        ],
        0.26271149515407144,
        3
      ],
      [
        1,
        7,
        [
          5,
          3,
          4,
          0
        ],
        0.12808939982397038,
        3
      ],
      [
        2,
        3,
        [
          1,
          5,
          7,
          0
        ],
        0.48321695332792547,
        3
      ]
    ],
    [
      [
        0,
        9,
        [
          0,
          1,
          7,
          5,
          2
        ],
        0.26271149515407144,
        3
      ],
      [
        1,
        7,
        [
          5,
          3,
          4,
          0
        ],
        0.12808939982397038,
        3
      ],
      [
        2,
        3,
        [
          1,
          5,
          7,
          0
        ],
        0.48321695332792547,
        3
      ],
      [
        3,
        0,
        [
          8,
          7,
          9,
          4
        ],
        0.12921533753347916,
        2
      ],
      [
        4,
        10,
        [
          5,
          1,
          4,
          2
        ],
        0.10605980445169272,
        3
      ]
    ],
    [
      [
        0,
        9,
        [
          0,
          1,
          7,
          5,
          2
        ],
        0.26271149515407144,
        3
      ],
      [
        1,
        7,
        [
          5,
          3,
          4,
          0
        ],
        0.12808939982397038,
        3
      ],
      [
        2,
        3,
        [
          1,
          5,
          7,
          0
        ],
        0.48321695332792547,
        3
      ],
      [
        3,
        0,
        [
          8,
          7,
          9,
          4
        ],
        0.12921533753347916,
        2
      ],
      [
        4,
        10,
        [
          5,
          1,
          4,
          2
        ],
        0.10605980445169272,
        3
      ],
      [
        5,
        1,
        [
          0,
          10,
          8,
          7
        ],
        0.29472931676411074,
        2
      ],
      [
        6,
        6,
        [
          9,
          3,
          2,
          10
        ],
        0.35748604948446683,
        3
      ]
    ],
    [
      [
        0,
        9,
        [
          0,
          1,
          7,
          5,
          2
        ],
        0.26271149515407144,
        3
      ],
      [
        1,
        7,
        [
          5,
          3,
          4,
          0
        ],
        0.12808939982397038,
        3
      ],
      [
        2,
        3,
        [
          1,
          5,
          7,
          0
        ],
        0.48321695332792547,
        3
      ],
      [
        3,
        0,
        [
          8,
          7,
          9,
          4
        ],
        0.12921533753347916,
        2
      ],
      [
        4,
        10,
        [
          5,
          1,
          4,
          2
        ],
        0.10605980445169272,
        3
      ],
      [
        5,
        1,
        [
          0,
          10,
          8,
          7
        ],
        0.29472931676411074,
        2
      ],
      [
        6,
        6,
        [
          9,
          3,
          2,
          10
        ],
        0.35748604948446683,
        3
      ],
      [
        7,
        1,
        [
          5,
          10,
          0,
          2
        ],
        0.17492294429026434,
        2
      ],
      [
        8,
        6,
        [
          2,
          3,
          8,
          10
        ],
        0.1038300954481652,
        2
      ]
    ]
  ]
]