x[0,1,0,1,1] = 1.0
x[0,1,3,1,1] = 1.0
x[0,1,0,1,2] = 1.0
x[0,1,3,1,2] = 1.0
x[0,1,6,7,2] = 1.0
x[0,1,6,4,2] = 1.0
x[0,2,1,4,0] = 1.0
x[0,2,2,5,0] = 1.0
x[0,2,5,7,2] = 1.0
x[0,2,6,8,2] = 1.0
x[0,2,6,9,2] = 1.0
x[0,2,6,8,3] = 1.0
x[0,2,6,7,3] = 1.0
x[0,2,6,9,3] = 1.0
x[0,2,6,4,3] = 1.0
x[0,2,7,2,3] = 1.0
x[1,0,1,0,1] = 1.0
x[1,0,2,0,1] = 1.0
x[1,0,4,0,1] = 1.0
x[1,0,1,0,3] = 1.0
x[1,0,2,0,3] = 1.0
x[1,0,4,0,3] = 1.0
x[1,0,5,0,3] = 1.0
x[1,0,7,2,3] = 1.0
x[1,10,2,7,0] = 1.0
x[1,10,2,7,2] = 1.0
x[1,10,6,7,2] = 1.0
x[1,10,6,4,2] = 1.0
x[2,0,0,0,0] = 1.0
x[2,0,1,4,0] = 1.0
x[2,0,1,0,0] = 1.0
x[2,0,2,5,0] = 1.0
x[2,0,2,0,0] = 1.0
x[2,0,0,0,1] = 1.0
x[2,0,0,1,1] = 1.0
x[2,0,3,0,1] = 1.0
x[2,0,3,1,1] = 1.0
x[2,0,0,0,2] = 1.0
x[2,0,0,1,2] = 1.0
x[2,0,1,0,2] = 1.0
x[2,0,2,0,2] = 1.0
x[2,0,3,0,2] = 1.0
x[2,0,3,1,2] = 1.0
x[2,0,4,0,2] = 1.0
x[2,0,5,7,2] = 1.0
x[2,0,5,0,2] = 1.0
x[2,0,0,0,3] = 1.0
x[2,0,3,0,3] = 1.0
x[2,0,8,0,3] = 1.0
x[2,9,6,8,2] = 1.0
x[2,9,6,9,2] = 1.0
x[2,9,6,8,3] = 1.0
x[2,9,6,7,3] = 1.0
x[2,9,6,9,3] = 1.0
x[2,9,6,4,3] = 1.0
x[3,4,2,5,0] = 1.0
x[3,4,2,0,0] = 1.0
x[3,4,2,5,1] = 1.0
x[3,4,2,1,2] = 1.0
x[3,4,2,5,2] = 1.0
x[3,4,2,7,2] = 1.0
x[3,4,2,0,2] = 1.0
x[3,4,5,1,2] = 1.0
x[3,4,5,5,2] = 1.0
x[3,4,5,7,2] = 1.0
x[3,4,5,0,2] = 1.0
x[3,4,2,5,3] = 1.0
x[3,4,5,5,3] = 1.0
x[3,6,2,1,0] = 1.0
x[3,6,2,7,0] = 1.0
x[3,6,2,1,1] = 1.0
x[3,6,2,7,1] = 1.0
x[3,6,2,0,1] = 1.0
x[3,6,6,9,2] = 1.0
x[3,6,2,1,3] = 1.0
x[3,6,2,7,3] = 1.0
x[3,6,2,0,3] = 1.0
x[3,6,5,1,3] = 1.0
x[3,6,5,7,3] = 1.0
x[3,6,5,0,3] = 1.0
x[4,3,1,3,1] = 1.0
x[4,3,4,3,1] = 1.0
x[4,3,1,3,2] = 1.0
x[4,3,4,3,2] = 1.0
x[4,3,6,9,2] = 1.0
x[4,5,1,5,0] = 1.0
x[4,5,2,5,0] = 1.0
x[4,5,2,0,0] = 1.0
x[4,5,1,5,1] = 1.0
x[4,5,2,5,1] = 1.0
x[4,5,4,5,1] = 1.0
x[4,5,2,5,3] = 1.0
x[4,5,5,5,3] = 1.0
x[4,6,3,0,1] = 1.0
x[4,6,3,7,1] = 1.0
x[4,6,2,1,2] = 1.0
x[4,6,2,5,2] = 1.0
x[4,6,2,7,2] = 1.0
x[4,6,2,0,2] = 1.0
x[4,6,5,1,2] = 1.0
x[4,6,5,5,2] = 1.0
x[4,6,5,7,2] = 1.0
x[4,6,5,0,2] = 1.0
x[5,4,6,4,3] = 1.0
x[5,8,2,0,0] = 1.0
x[5,8,1,4,2] = 1.0
x[6,3,1,3,0] = 1.0
x[6,3,1,3,3] = 1.0
x[6,3,4,3,3] = 1.0
x[6,4,1,5,0] = 1.0
x[6,4,1,4,0] = 1.0
x[6,4,1,5,1] = 1.0
x[6,4,1,3,1] = 1.0
x[6,4,1,4,1] = 1.0
x[6,4,3,0,1] = 1.0
x[6,4,3,7,1] = 1.0
x[6,4,4,5,1] = 1.0
x[6,4,4,3,1] = 1.0
x[6,4,4,4,1] = 1.0
x[6,4,1,3,2] = 1.0
x[6,4,1,4,2] = 1.0
x[6,4,4,3,2] = 1.0
x[6,4,4,4,2] = 1.0
x[6,4,6,9,2] = 1.0
x[6,4,6,4,2] = 1.0
x[6,4,1,4,3] = 1.0
x[6,4,4,4,3] = 1.0
x[6,4,7,4,3] = 1.0
x[6,7,2,1,0] = 1.0
x[6,7,2,7,0] = 1.0
x[6,7,2,1,1] = 1.0
x[6,7,2,7,1] = 1.0
x[6,7,2,0,1] = 1.0
x[6,7,2,1,2] = 1.0
x[6,7,2,5,2] = 1.0
x[6,7,2,7,2] = 1.0
x[6,7,2,0,2] = 1.0
x[6,7,5,1,2] = 1.0
x[6,7,5,5,2] = 1.0
x[6,7,5,7,2] = 1.0
x[6,7,5,0,2] = 1.0
x[6,7,2,1,3] = 1.0
x[6,7,2,7,3] = 1.0
x[6,7,2,0,3] = 1.0
x[6,7,5,1,3] = 1.0
x[6,7,5,7,3] = 1.0
x[6,7,5,0,3] = 1.0
x[7,6,1,5,0] = 1.0
x[7,6,1,3,0] = 1.0
x[7,6,1,4,0] = 1.0
x[7,6,1,5,1] = 1.0
x[7,6,1,3,1] = 1.0
x[7,6,1,4,1] = 1.0
x[7,6,4,5,1] = 1.0
x[7,6,4,3,1] = 1.0
x[7,6,4,4,1] = 1.0
x[7,6,1,3,2] = 1.0
x[7,6,1,4,2] = 1.0
x[7,6,4,3,2] = 1.0
x[7,6,4,4,2] = 1.0
x[7,6,6,4,2] = 1.0
x[7,6,1,3,3] = 1.0
x[7,6,1,4,3] = 1.0
x[7,6,4,3,3] = 1.0
x[7,6,4,4,3] = 1.0
x[7,6,7,4,3] = 1.0
x[7,8,1,0,0] = 1.0
x[7,8,1,5,2] = 1.0
x[7,8,2,5,2] = 1.0
x[7,8,4,5,2] = 1.0
x[7,8,5,5,2] = 1.0
x[7,8,1,5,3] = 1.0
x[7,8,4,5,3] = 1.0
x[7,8,6,9,3] = 1.0
x[7,8,7,5,3] = 1.0
x[7,10,2,1,0] = 1.0
x[7,10,1,0,1] = 1.0
x[7,10,2,1,1] = 1.0
x[7,10,2,0,1] = 1.0
x[7,10,4,0,1] = 1.0
x[7,10,1,0,2] = 1.0
x[7,10,2,1,2] = 1.0
x[7,10,2,0,2] = 1.0
x[7,10,4,0,2] = 1.0
x[7,10,5,1,2] = 1.0
x[7,10,5,0,2] = 1.0
x[7,10,1,0,3] = 1.0
x[7,10,2,1,3] = 1.0
x[7,10,2,0,3] = 1.0
x[7,10,4,0,3] = 1.0
x[7,10,5,1,3] = 1.0
x[7,10,5,0,3] = 1.0
x[8,5,0,5,0] = 1.0
x[8,5,0,5,1] = 1.0
x[8,5,3,5,1] = 1.0
x[8,5,0,5,2] = 1.0
x[8,5,1,5,2] = 1.0
x[8,5,1,4,2] = 1.0
x[8,5,2,5,2] = 1.0
x[8,5,3,5,2] = 1.0
x[8,5,4,5,2] = 1.0
x[8,5,5,5,2] = 1.0
x[8,5,0,5,3] = 1.0
x[8,5,1,5,3] = 1.0
x[8,5,3,5,3] = 1.0
x[8,5,4,5,3] = 1.0
x[8,5,6,4,3] = 1.0
x[8,5,7,5,3] = 1.0
x[8,5,8,5,3] = 1.0
x[8,7,6,9,3] = 1.0
x[8,9,1,0,0] = 1.0
x[8,9,2,0,0] = 1.0
x[9,2,0,0,0] = 1.0
x[9,2,0,2,0] = 1.0
x[9,2,1,0,0] = 1.0
x[9,2,2,0,0] = 1.0
x[9,2,0,0,1] = 1.0
x[9,2,0,1,1] = 1.0
x[9,2,0,2,1] = 1.0
x[9,2,3,0,1] = 1.0
x[9,2,3,1,1] = 1.0
x[9,2,3,2,1] = 1.0
x[9,2,0,0,2] = 1.0
x[9,2,0,1,2] = 1.0
x[9,2,0,2,2] = 1.0
x[9,2,1,0,2] = 1.0
x[9,2,2,0,2] = 1.0
x[9,2,3,0,2] = 1.0
x[9,2,3,1,2] = 1.0
x[9,2,3,2,2] = 1.0
x[9,2,4,0,2] = 1.0
x[9,2,5,0,2] = 1.0
x[9,2,0,0,3] = 1.0
x[9,2,0,2,3] = 1.0
x[9,2,3,0,3] = 1.0
x[9,2,3,2,3] = 1.0
x[9,2,8,0,3] = 1.0
x[9,2,8,2,3] = 1.0
x[9,8,0,5,0] = 1.0
x[9,8,0,5,1] = 1.0
x[9,8,3,5,1] = 1.0
x[9,8,0,5,2] = 1.0
x[9,8,3,5,2] = 1.0
x[9,8,6,8,2] = 1.0
x[9,8,0,5,3] = 1.0
x[9,8,3,5,3] = 1.0
x[9,8,6,8,3] = 1.0
x[9,8,6,4,3] = 1.0
x[9,8,8,5,3] = 1.0
x[9,10,0,1,0] = 1.0
x[9,10,0,7,0] = 1.0
x[9,10,0,7,1] = 1.0
x[9,10,3,7,1] = 1.0
x[9,10,0,7,2] = 1.0
x[9,10,3,7,2] = 1.0
x[9,10,0,1,3] = 1.0
x[9,10,0,7,3] = 1.0
x[9,10,3,1,3] = 1.0
x[9,10,3,7,3] = 1.0
x[9,10,6,7,3] = 1.0
x[9,10,8,1,3] = 1.0
x[9,10,8,7,3] = 1.0
x[10,1,0,1,0] = 1.0
x[10,1,2,1,0] = 1.0
x[10,1,2,7,0] = 1.0
x[10,1,1,0,1] = 1.0
x[10,1,2,1,1] = 1.0
x[10,1,2,0,1] = 1.0
x[10,1,4,0,1] = 1.0
x[10,1,2,1,2] = 1.0
x[10,1,2,7,2] = 1.0
x[10,1,5,1,2] = 1.0
x[10,1,0,1,3] = 1.0
x[10,1,1,0,3] = 1.0
x[10,1,2,1,3] = 1.0
x[10,1,2,0,3] = 1.0
x[10,1,3,1,3] = 1.0
x[10,1,4,0,3] = 1.0
x[10,1,5,1,3] = 1.0
x[10,1,5,0,3] = 1.0
x[10,1,7,1,3] = 1.0
x[10,1,7,2,3] = 1.0
x[10,1,8,1,3] = 1.0
x[10,7,0,7,0] = 1.0
x[10,7,0,7,1] = 1.0
x[10,7,3,7,1] = 1.0
x[10,7,0,7,2] = 1.0
x[10,7,3,7,2] = 1.0
x[10,7,6,7,2] = 1.0
x[10,7,6,4,2] = 1.0
x[10,7,0,7,3] = 1.0
x[10,7,3,7,3] = 1.0
x[10,7,6,7,3] = 1.0
x[10,7,7,5,3] = 1.0
x[10,7,7,4,3] = 1.0
x[10,7,8,7,3] = 1.0
x[10,9,1,0,2] = 1.0
x[10,9,2,0,2] = 1.0
x[10,9,4,0,2] = 1.0
x[10,9,5,0,2] = 1.0
y[0,1,0,1] = 1.0
y[0,1,3,1] = 1.0
y[0,1,0,2] = 1.0
y[0,1,3,2] = 1.0
y[0,1,6,2] = 1.0
y[0,2,1,0] = 1.0
y[0,2,2,0] = 1.0
y[0,2,5,2] = 1.0
y[0,2,6,2] = 1.0
y[0,2,6,3] = 1.0
y[0,2,7,3] = 1.0
y[1,0,1,1] = 1.0
y[1,0,2,1] = 1.0
y[1,0,4,1] = 1.0
y[1,0,1,3] = 1.0
y[1,0,2,3] = 1.0
y[1,0,4,3] = 1.0
y[1,0,5,3] = 1.0
y[1,0,7,3] = 1.0
y[1,10,2,0] = 1.0
y[1,10,2,2] = 1.0
y[1,10,6,2] = 1.0
y[2,0,0,0] = 1.0
y[2,0,1,0] = 1.0
y[2,0,2,0] = 1.0
y[2,0,0,1] = 1.0
y[2,0,3,1] = 1.0
y[2,0,0,2] = 1.0
y[2,0,1,2] = 1.0
y[2,0,2,2] = 1.0
y[2,0,3,2] = 1.0
y[2,0,4,2] = 1.0
y[2,0,5,2] = 1.0
y[2,0,0,3] = 1.0
y[2,0,3,3] = 1.0
y[2,0,8,3] = 1.0
y[2,9,6,2] = 1.0
y[2,9,6,3] = 1.0
y[3,4,2,0] = 1.0
y[3,4,2,1] = 1.0
y[3,4,2,2] = 1.0
y[3,4,5,2] = 1.0
y[3,4,2,3] = 1.0
y[3,4,5,3] = 1.0
y[3,6,2,0] = 1.0
y[3,6,2,1] = 1.0
y[3,6,6,2] = 1.0
y[3,6,2,3] = 1.0
y[3,6,5,3] = 1.0
y[4,3,1,1] = 1.0
y[4,3,4,1] = 1.0
y[4,3,1,2] = 1.0
y[4,3,4,2] = 1.0
y[4,3,6,2] = 1.0
y[4,5,1,0] = 1.0
y[4,5,2,0] = 1.0
y[4,5,1,1] = 1.0
y[4,5,2,1] = 1.0
y[4,5,4,1] = 1.0
y[4,5,2,3] = 1.0
y[4,5,5,3] = 1.0
y[4,6,3,1] = 1.0
y[4,6,2,2] = 1.0
y[4,6,5,2] = 1.0
y[5,4,6,3] = 1.0
y[5,8,2,0] = 1.0
y[5,8,1,2] = 1.0
y[6,3,1,0] = 1.0
y[6,3,1,3] = 1.0
y[6,3,4,3] = 1.0
y[6,4,1,0] = 1.0
y[6,4,1,1] = 1.0
y[6,4,3,1] = 1.0
y[6,4,4,1] = 1.0
y[6,4,1,2] = 1.0
y[6,4,4,2] = 1.0
y[6,4,6,2] = 1.0
y[6,4,1,3] = 1.0
y[6,4,4,3] = 1.0
y[6,4,7,3] = 1.0
y[6,7,2,0] = 1.0
y[6,7,2,1] = 1.0
y[6,7,2,2] = 1.0
y[6,7,5,2] = 1.0
y[6,7,2,3] = 1.0
y[6,7,5,3] = 1.0
y[7,6,1,0] = 1.0
y[7,6,1,1] = 1.0
y[7,6,4,1] = 1.0
y[7,6,1,2] = 1.0
y[7,6,4,2] = 1.0
y[7,6,6,2] = 1.0
y[7,6,1,3] = 1.0
y[7,6,4,3] = 1.0
y[7,6,7,3] = 1.0
y[7,8,1,0] = 1.0
y[7,8,1,2] = 1.0
y[7,8,2,2] = 1.0
y[7,8,4,2] = 1.0
y[7,8,5,2] = 1.0
y[7,8,1,3] = 1.0
y[7,8,4,3] = 1.0
y[7,8,6,3] = 1.0
y[7,8,7,3] = 1.0
y[7,10,2,0] = 1.0
y[7,10,1,1] = 1.0
y[7,10,2,1] = 1.0
y[7,10,4,1] = 1.0
y[7,10,1,2] = 1.0
y[7,10,2,2] = 1.0
y[7,10,4,2] = 1.0
y[7,10,5,2] = 1.0
y[7,10,1,3] = 1.0
y[7,10,2,3] = 1.0
y[7,10,4,3] = 1.0
y[7,10,5,3] = 1.0
y[8,5,0,0] = 1.0
y[8,5,0,1] = 1.0
y[8,5,3,1] = 1.0
y[8,5,0,2] = 1.0
y[8,5,1,2] = 1.0
y[8,5,2,2] = 1.0
y[8,5,3,2] = 1.0
y[8,5,4,2] = 1.0
y[8,5,5,2] = 1.0
y[8,5,0,3] = 1.0
y[8,5,1,3] = 1.0
y[8,5,3,3] = 1.0
y[8,5,4,3] = 1.0
y[8,5,6,3] = 1.0
y[8,5,7,3] = 1.0
y[8,5,8,3] = 1.0
y[8,7,6,3] = 1.0
y[8,9,1,0] = 1.0
y[8,9,2,0] = 1.0
y[9,2,0,0] = 1.0
y[9,2,1,0] = 1.0
y[9,2,2,0] = 1.0
y[9,2,0,1] = 1.0
y[9,2,3,1] = 1.0
y[9,2,0,2] = 1.0
y[9,2,1,2] = 1.0
y[9,2,2,2] = 1.0
y[9,2,3,2] = 1.0
y[9,2,4,2] = 1.0
y[9,2,5,2] = 1.0
y[9,2,0,3] = 1.0
y[9,2,3,3] = 1.0
y[9,2,8,3] = 1.0
y[9,8,0,0] = 1.0
y[9,8,0,1] = 1.0
y[9,8,3,1] = 1.0
y[9,8,0,2] = 1.0
y[9,8,3,2] = 1.0
y[9,8,6,2] = 1.0
y[9,8,0,3] = 1.0
y[9,8,3,3] = 1.0
y[9,8,6,3] = 1.0
y[9,8,8,3] = 1.0
y[9,10,0,0] = 1.0
y[9,10,0,1] = 1.0
y[9,10,3,1] = 1.0
y[9,10,0,2] = 1.0
y[9,10,3,2] = 1.0
y[9,10,0,3] = 1.0
y[9,10,3,3] = 1.0
y[9,10,6,3] = 1.0
y[9,10,8,3] = 1.0
y[10,1,0,0] = 1.0
y[10,1,2,0] = 1.0
y[10,1,1,1] = 1.0
y[10,1,2,1] = 1.0
y[10,1,4,1] = 1.0
y[10,1,2,2] = 1.0
y[10,1,5,2] = 1.0
y[10,1,0,3] = 1.0
y[10,1,1,3] = 1.0
y[10,1,2,3] = 1.0
y[10,1,3,3] = 1.0
y[10,1,4,3] = 1.0
y[10,1,5,3] = 1.0
y[10,1,7,3] = 1.0
y[10,1,8,3] = 1.0
y[10,7,0,0] = 1.0
y[10,7,0,1] = 1.0
y[10,7,3,1] = 1.0
y[10,7,0,2] = 1.0
y[10,7,3,2] = 1.0
y[10,7,6,2] = 1.0
y[10,7,0,3] = 1.0
y[10,7,3,3] = 1.0
y[10,7,6,3] = 1.0
y[10,7,7,3] = 1.0
y[10,7,8,3] = 1.0
y[10,9,1,2] = 1.0
y[10,9,2,2] = 1.0
y[10,9,4,2] = 1.0
y[10,9,5,2] = 1.0
w[0,1,0] = 1.0
w[0,1,1] = 1.0
w[0,1,2] = 1.0
w[0,1,3] = 1.0
w[0,2,0] = 1.0
w[0,2,1] = 1.0
w[0,2,2] = 1.0
w[0,2,3] = 1.0
w[1,0,0] = 100.0
w[1,0,1] = 1.0
w[1,0,2] = 1.0
w[1,0,3] = 1.0
w[1,10,0] = 1.0
w[1,10,1] = 100.0
w[1,10,2] = 1.0
w[1,10,3] = 100.0
w[2,0,0] = 1.0
w[2,0,1] = 1.0
w[2,0,2] = 1.0
w[2,0,3] = 1.0
w[2,9,0] = 1.0
w[2,9,1] = 1.0
w[2,9,2] = 1.0
w[2,9,3] = 1.0
w[3,4,0] = 4.0
w[3,4,1] = 1.0
w[3,4,2] = 1.0
w[3,4,3] = 1.0
w[3,6,0] = 3.0
w[3,6,1] = 1.0
w[3,6,2] = 4.0
w[3,6,3] = 1.0
w[4,3,0] = 1.0
w[4,3,1] = 1.0
w[4,3,2] = 1.0
w[4,3,3] = 1.0
w[4,5,0] = 2.0
w[4,5,1] = 1.0
w[4,5,2] = 100.0
w[4,5,3] = 1.0
w[4,6,0] = 1.0
w[4,6,1] = 1.0
w[4,6,2] = 1.0
w[4,6,3] = 1.0
w[5,4,0] = 100.0
w[5,4,1] = 1.0
w[5,4,2] = 1.0
w[5,4,3] = 1.0
w[5,8,0] = 1.0
w[5,8,1] = 1.0
w[5,8,2] = 1.0
w[5,8,3] = 1.0
w[6,3,0] = 1.0
w[6,3,1] = 3.0
w[6,3,2] = 3.0
w[6,3,3] = 1.0
w[6,4,0] = 2.0
w[6,4,1] = 1.0
w[6,4,2] = 1.0
w[6,4,3] = 1.0
w[6,7,0] = 2.0
w[6,7,1] = 1.0
w[6,7,2] = 1.0
w[6,7,3] = 1.0
w[7,6,0] = 1.0
w[7,6,1] = 1.0
w[7,6,2] = 1.0
w[7,6,3] = 1.0
w[7,8,0] = 3.0
w[7,8,1] = 3.0
w[7,8,2] = 2.0
w[7,8,3] = 1.0
w[7,10,0] = 3.0
w[7,10,1] = 1.0
w[7,10,2] = 1.0
w[7,10,3] = 1.0
w[8,5,0] = 3.0
w[8,5,1] = 1.0
w[8,5,2] = 1.0
w[8,5,3] = 1.0
w[8,7,0] = 100.0
w[8,7,1] = 100.0
w[8,7,2] = 1.0
w[8,7,3] = 4.0
w[8,9,0] = 1.0
w[8,9,1] = 1.0
w[8,9,2] = 1.0
w[8,9,3] = 100.0
w[9,2,0] = 1.0
w[9,2,1] = 1.0
w[9,2,2] = 1.0
w[9,2,3] = 1.0
w[9,8,0] = 2.0
w[9,8,1] = 1.0
w[9,8,2] = 2.0
w[9,8,3] = 1.0
w[9,10,0] = 1.0
w[9,10,1] = 3.0
w[9,10,2] = 1.0
w[9,10,3] = 1.0
w[10,1,0] = 1.0
w[10,1,1] = 1.0
w[10,1,2] = 3.0
w[10,1,3] = 1.0
w[10,7,0] = 1.0
w[10,7,1] = 1.0
w[10,7,2] = 1.0
w[10,7,3] = 1.0
w[10,9,0] = 100.0
w[10,9,1] = 1.0
w[10,9,2] = 1.0
w[10,9,3] = 100.0
b[0,6,2] = 1.0
b[0,6,3] = 1.0
b[3,2,0] = 1.0
b[3,2,1] = 1.0
b[3,2,2] = 1.0
b[3,5,2] = 1.0
b[3,2,3] = 1.0
b[3,5,3] = 1.0
b[7,1,0] = 1.0
b[7,1,1] = 1.0
b[7,4,1] = 1.0
b[7,1,2] = 1.0
b[7,4,2] = 1.0
b[7,1,3] = 1.0
b[7,4,3] = 1.0
b[9,0,0] = 1.0
b[9,0,1] = 1.0
b[9,3,1] = 1.0
b[9,0,2] = 1.0
b[9,3,2] = 1.0
b[9,0,3] = 1.0
b[9,3,3] = 1.0
b[9,8,3] = 1.0
b[10,7,3] = 1.0
max_utilization[0] = 0.06970280437555149
max_utilization[1] = 0.06596026290312113
max_utilization[2] = 0.1394056087511029
max_utilization[3] = 0.18883682442552907
