[
  [
    [
      0,
      7,
      [
        0,
        9,
        4,
        3
      ],
      0.39593146355324826,
      0
    ],
    [
      1,
      12,
      [
        6,
        9,
        7,
        4,
        8
      ],
      0.1701733587063437,
      1
    ],
    [
      2,
      9,
      [
        3,
        7,
        8,
        10
      ],
      0.3457212062899473,
      0
    ],
    [
      3,
      2,
      [
        4,
        12,
        0,
        1,
        5
      ],
      0.2645706249645517,
      0
    ],
    [
      4,
      3,
      [
        0,
        2,
        5,
        6
      ],
      0.3124014484052938,
      0
    ],
    [
      5,
      0,
      [
        6,
        3,
        8,
        13
      ],
      0.3627728186038288,
      0
    ],
    [
      6,
      9,
      [
        0,
        7,
        5,
        4
      ],
      0.4851084054516013,
      0
    ],
    [
      7,
      10,
      [
        7,
        1,
        4,
        5
      ],
      0.15464232265757807,
      0
    ],
    [
      8,
      3,
      [
        8,
        9,
        6,
        0
      ],
      0.4600783524997516,
      0
    ],
    [
      9,
      2,
      [
        6,
        1,
        11,
        8
      ],
      0.4603343757321515,
      1
    ],
    [
      10,
      10,
      [
        7,
        9,
        0,
        12,
        6
      ],
      0.25167056793772846,
      0
    ],
    [
      11,
      13,
      [
        1,
        12,
        10,
        11
      ],
      0.49732887523532887,
      0
    ],
    [
      12,
      12,
      [
        6,
        11,
        9,
        7,
        10
      ],
      0.285048892612368,
      1
    ],
    [
      13,
      12,
      [
        4,
        9,
        1,
        7
      ],
      0.10891626545852909,
      0
    ],
    [
      14,
      4,
      [
        13,
        10,
        11,
        8
      ],
      0.20233208804255265,
      1
    ],
    [
      15,
      1,
      [
        5,
        3,
        11,
        10
      ],
      0.18102976536272353,
      1
    ],
    [
      16,
      0,
      [
        11,
        8,
        12,
        4
      ],
      0.2307842475317632,
      1
    ],
    [
      17,
      6,
      [
        11,
        7,
        3,
        13,
        12
      ],
      0.18783097738953583,
      0
    ],
    [
      18,
      5,
      [
        2,
        13,
        8,
        6,
        0
      ],
      0.3844871046070427,
      0
    ],
    [
      19,
      5,
      [
        1,
        8,
        12,
        4,
        3
      ],
      0.4323584568917298,
      0
    ],
    [
      20,
      4,
      [
        11,
        6,
        10,
        8,
        12
      ],
      0.1298716867826204,
      1
    ],
    [
      21,
      9,
      [
        10,
        0,
        11,
        4
      ],
      0.32823278413478946,
      1
    ],
    [
      22,
      6,
      [
        11,
        2,
        7,
        8,
        3
      ],
      0.10989060333136656,
      0
    ],
    [
      23,
      12,
      [
        13,
        2,
        0,
        1,
        7
      ],
      0.1436080802379973,
      0
    ],
    [
      24,
      1,
      [
        11,
        4,
        12,
        8,
        5
      ],
      0.17147443805403384,
      0
    ],
    [
      25,
      0,
      [
        9,
        12,
        1,
        3
      ],
      0.19058264575110356,
      1
    ],
    [
      26,
      1,
      [
        7,
        12,
        4,
        2,
        13
      ],
      0.473041531123665,
      0
    ],
    [
      27,
      5,
      [
        8,
        13,
        3,
        0,
        7
      ],
      0.3200052278304518,
      0
    ],
    [
      28,
      7,
      [
        5,
        11,
        3,
        1,
        10
      ],
      0.1853186316558477,
      1
    ],
    [
      29,
      8,
      [
        4,
        9,
        5,
        13,
        0
      ],
      0.2394028172037579,
      0
    ],
    [
      30,
      12,
      [
        7,
        5,
        8,
        6
      ],
      0.40729339800851583,
      0
    ],
    [
      31,
      8,
      [
        3,
        1,
        6,
        0,
        2
      ],
      0.3132487873286137,
      0
    ],
    [
      32,
      11,
      [
        2,
        8,
        12,
        7
      ],
      0.47829895877819883,
      1
    ],
    [
      33,
      5,
      [
        13,
        3,
        8,
        9,
        10
      ],
      0.21606787094819452,
      0
    ],
    [
      34,
      7,
      [
        4,
        11,
        6,
        10
      ],
      0.1832958290113688,
      1
    ],
    [
      35,
      4,
      [
        10,
        8,
        3,
        7
      ],
      0.31436147127831165,
      1
    ],
    [
      36,
      10,
      [
        0,
        8,
        13,
        12
      ],
      0.4669414412992714,
      1
    ],
    [
      37,
      4,
      [
        1,
        12,
        2,
        13
      ],
      0.4723303363880975,
      1
    ],
    [
      38,
      7,
      [
        13,
        6,
        4,
        3,
        8
      ],
      0.29721462764432305,
      1
    ],
    [
      39,
      2,
      [
        8,
        9,
        6,
        1,
        4
      ],
      0.267815699034616,
      1
    ],
    [
      40,
      11,
      [
        2,
        12,
        0,
        10
      ],
      0.17764264093497115,
      1
    ],
    [
      41,
      0,
      [
        11,
        5,
        6,
        13
      ],
      0.1977866638295839,
      0
    ],
    [
      42,
      0,
      [
        8,
        12,
        10,
        2,
        9
      ],
      0.34941037669942865,
      0
    ],
    [
      43,
      5,
      [
        0,
        7,
        11,
        12
      ],
      0.4300719008724323,
      1
    ],
    [
      44,
      2,
      [
        11,
        9,
        13,
        4
      ],
      0.31184760694554853,
      0
    ],
    [
      45,
      11,
      [
        12,
        10,
        5,
        2
      ],
      0.22634951950051635,
      0
    ],
    [
      46,
      13,
      [
        3,
        12,
        1,
        2,
        11
      ],
      0.15301662005953942,
      0
    ],
    [
      47,
      13,
      [
        6,
        1,
        12,
        10
      ],
      0.3173107051549429,
      1
    ],
    [
      48,
      10,
      [
        6,
        11,
        12,
        0
      ],
      0.1384227341441335,
      0
    ],
    [
      49,
      5,
      [
        1,
        12,
        9,
        6,
        11
      ],
      0.4994346639087278,
      1
    ],
    [
      50,
      13,
      [
        7,
        1,
        0,
        10
      ],
      0.40479887888333643,
      0
    ],
    [
      51,
      4,
      [
        3,
        2,
        1,
        13,
        12
      ],
      0.43608571636088866,
      0
    ],
    [
      52,
      4,
      [
        10,
        0,
        2,
        8,
        1
      ],
      0.40588819115374675,
      0
    ],
    [
      53,
      5,
      [
        8,
        7,
        9,
        6,
        12
      ],
      0.1840340542820984,
      1
    ],
    [
      54,
      5,
      [
        11,
        12,
        0,
        3,
        2
      ],
      0.2631823404251068,
      0
    ],
    [
      55,
      7,
      [
        6,
        3,
        10,
        2,
        1
      ],
      0.3050243192683135,
      1
    ],
    [
      56,
      13,
      [
        1,
        11,
        10,
        6
      ],
      0.3278735834348355,
      1
    ],
    [
      57,
      7,
      [
        13,
        4,
        12,
        1
      ],
      0.3977739624469795,
      1
    ],
    [
      58,
      9,
      [
        2,
        5,
        8,
        12
      ],
      0.4069079203356616,
      1
    ],
    [
      59,
      6,
      [
        3,
        12,
        2,
        1
      ],
      0.4189332048348149,
      1
    ],
    [
      60,
      12,
      [
        1,
        0,
        5,
        9,
        11
      ],
      0.19284287772469377,
      3
    ],
    [
      61,
      2,
      [
        4,
        11,
        7,
        10,
        3
      ],
      0.3132318707610189,
      3
    ],
    [
      62,
      3,
      [
        11,
        4,
        1,
        7,
        0
      ],
      0.14590745751677875,
      3
    ],
    [
      63,
      4,
      [
        5,
        8,
        7,
        9
      ],
      0.1201827727595128,
      2
    ],
    [
      64,
      8,
      [
        0,
        1,
        4,
        11
      ],
      0.21027667792333143,
      3
    ],
    [
      65,
      2,
      [
        9,
        10,
        1,
        8,
        11
      ],
      0.3197662401125925,
      3
    ],
    [
      66,
      13,
      [
        2,
        6,
        7,
        12
      ],
      0.4422689542040852,
      3
    ],
    [
      67,
      9,
      [
        7,
        6,
        4,
        8
      ],
      0.2594270873005152,
      3
    ],
    [
      68,
      1,
      [
        9,
        5,
        8,
        12,
        13
      ],
      0.4717901446924462,
      3
    ],
    [
      69,
      10,
      [
        0,
        3,
        9,
        13,
        2
      ],
      0.26352231131388104,
      2
    ],
    [
      70,
      8,
      [
        5,
        12,
        6,
        0,
        13
      ],
      0.12940171300647144,
      2
    ],
    [
      71,
      6,
      [
        12,
        8,
        4,
        3
      ],
      0.11817357994127105,
      3
    ],
    [
      72,
      3,
      [
        2,
        4,
        10,
        1
      ],
      0.12015989906861774,
      3
    ],
    [
      73,
      7,
      [
        1,
        3,
        0,
        5,
        9
      ],
      0.16188965178825232,
      3
    ],
    [
      74,
      1,
      [
        3,
        11,
        7,
        8,
        5
      ],
      0.35583726341198874,
      3
    ],
    [
      75,
      12,
      [
        13,
        11,
        8,
        2,
        4
      ],
      0.39371388294956566,
      3
    ],
    [
      76,
      3,
      [
        1,
        9,
        5,
        12
      ],
      0.34999057008791457,
      3
    ],
    [
      77,
      3,
      [
        5,
        10,
        11,
        12,
        4
      ],
      0.35324025237155154,
      3
    ],
    [
      78,
      1,
      [
        4,
        9,
        11,
        13
      ],
      0.4515105625485496,
      2
    ],
    [
      79,
      10,
      [
        0,
        4,
        12,
        6
      ],
      0.11076152808472264,
      2
    ],
    [
      80,
      1,
      [
        4,
        9,
        5,
        2
      ],
      0.402315271158343,
      2
    ],
    [
      81,
      0,
      [
        11,
        6,
        8,
        13
      ],
      0.2416397101003904,
      2
    ],
    [
      82,
      11,
      [
        7,
        12,
        2,
        1,
        9
      ],
      0.27892382386083303,
      3
    ],
    [
      83,
      11,
      [
        6,
        12,
        4,
        13
      ],
      0.42395078882779214,
      3
    ],
    [
      84,
      1,
      [
        11,
        10,
        6,
        5,
        9
      ],
      0.40359404607446414,
      2
    ],
    [
      85,
      6,
      [
        11,
        5,
        10,
        1
      ],
      0.28480649851315676,
      3
    ],
    [
      86,
      11,
      [
        8,
        1,
        6,
        9,
        7
      ],
      0.4261202773014513,
      2
    ],
    [
      87,
      10,
      [
        13,
        0,
        1,
        4,
        3
      ],
      0.4642735888424464,
      3
    ],
    [
      88,
      10,
      [
        7,
        12,
        5,
        4
      ],
      0.45268431050455016,
      3
    ],
    [
      89,
      9,
      [
        11,
        12,
        5,
        13
      ],
      0.4625108334940141,
      3
    ],
    [
      90,
      11,
      [
        9,
        13,
        10,
        4,
        7
      ],
      0.31208449543431227,
      3
    ],
    [
      91,
      8,
      [
        5,
        3,
        6,
        9,
        12
      ],
      0.13371484685449064,
      3
    ],
    [
      92,
      6,
      [
        5,
        11,
        7,
        10,
        12
      ],
      0.4184521263687623,
      2
    ],
    [
      93,
      6,
      [
        9,
        2,
        10,
        11,
        12
      ],
      0.1706368776850094,
      3
    ],
    [
      94,
      4,
      [
        13,
        0,
        3,
        9,
        12
      ],
      0.31766066598500076,
      3
    ],
    [
      95,
      6,
      [
        11,
        7,
        1,
        10,
        9
      ],
      0.22218986686486863,
      2
    ],
    [
      96,
      12,
      [
        1,
        4,
        13,
        5
      ],
      0.13387996264088106,
      3
    ],
    [
      97,
      13,
      [
        11,
        10,
        6,
        3
      ],
      0.3848812229050691,
      2
    ],
    [
      98,
      0,
      [
        13,
        8,
        7,
        6,
        10
      ],
      0.42291021039566845,
      3
    ],
    [
      99,
      3,
      [
        8,
        13,
        9,
        1,
        0
      ],
      0.2642422132404042,
      2
    ],
    [
      100,
      2,
      [
        13,
        7,
        1,
        8,
        9
      ],
      0.3561093420515885,
      2
    ],
    [
      101,
      11,
      [
        13,
        1,
        6,
        10,
        2
      ],
      0.19828814489016602,
      2
    ],
    [
      102,
      7,
      [
        11,
        2,
        5,
        3
      ],
      0.2557308090476548,
      3
    ],
    [
      103,
      9,
      [
        0,
        7,
        4,
        1,
        11
      ],
      0.35919212745283635,
      3
    ],
    [
      104,
      8,
      [
        13,
        7,
        0,
        10
      ],
      0.29243125888495125,
      2
    ],
    [
      105,
      9,
      [
        1,
        3,
        2,
        5
      ],
      0.18694573518142318,
      3
    ],
    [
      106,
      13,
      [
        9,
        8,
        3,
        7
      ],
      0.1739948150352269,
      3
    ],
    [
      107,
      0,
      [
        3,
        5,
        11,
        9,
        10
      ],
      0.2917964513700909,
      3
    ],
    [
      108,
      2,
      [
        7,
        6,
        11,
        9,
        1
      ],
      0.2930453952031653,
      3
    ],
    [
      109,
      8,
      [
        0,
        3,
        2,
        6
      ],
      0.4904115036952085,
      3
    ],
    [
      110,
      3,
      [
        11,
        4,
        0,
        8,
        6
      ],
      0.2800075375937612,
      2
    ],
    [
      111,
      8,
      [
        10,
        2,
        6,
        12
      ],
      0.4087728301340453,
      3
    ],
    [
      112,
      12,
      [
        9,
        2,
        13,
        8
      ],
      0.10054612816662326,
      3
    ],
    [
      113,
      8,
      [
        5,
        4,
        9,
        1
      ],
      0.13314356790630233,
      2
    ],
    [
      114,
      1,
      [
        7,
        6,
        13,
        12,
        3
      ],
      0.16302060766993237,
      2
    ],
    [
      115,
      6,
      [
        8,
        13,
        1,
        4,
        7
      ],
      0.14230080743927054,
      3
    ],
    [
      116,
      1,
      [
        11,
        7,
        12,
        0,
        10
      ],
      0.28323513201421713,
      3
    ],
    [
      117,
      9,
      [
        10,
        2,
        4,
        6
      ],
      0.32223337193336726,
      2
    ],
    [
      118,
      3,
      [
        13,
        1,
        5,
        6
      ],
      0.3895168174514958,
      3
    ],
    [
      119,
      1,
      [
        11,
        13,
        2,
        10,
        6
      ],
      0.11459056984460272,
      3
    ]
  ],
  [
    [
      0,
      11,
      [
        0,
        6,
        2,
        10
      ],
      0.2230598531845372,
      1
    ],
    [
      1,
      13,
      [
        2,
        3,
        6,
        7,
        0
      ],
      0.15719466962772244,
      0
    ],
    [
      2,
      2,
      [
        10,
        7,
        3,
        6,
        9
      ],
      0.1525894232501334,
      0
    ],
    [
      3,
      6,
      [
        0,
        11,
        13,
        2
      ],
      0.26127113389769263,
      1
    ],
    [
      4,
      12,
      [
        7,
        5,
        6,
        9,
        10
      ],
      0.40068632150163364,
      0
    ],
    [
      5,
      10,
      [
        12,
        6,
        13,
        1,
        9
      ],
      0.46209918540399253,
      1
    ],
    [
      6,
      13,
      [
        6,
        0,
        5,
        11,
        4
      ],
      0.39023315196099595,
      1
    ],
    [
      7,
      12,
      [
        9,
        5,
        4,
        13,
        1
      ],
      0.19773698486222213,
      1
    ],
    [
      8,
      0,
      [
        9,
        7,
        1,
        8,
        2
      ],
      0.31048781844957674,
      0
    ],
    [
      9,
      4,
      [
        11,
        7,
        3,
        1
      ],
      0.49971070859221967,
      1
    ],
    [
      10,
      2,
      [
        10,
        3,
        4,
        7,
        1
      ],
      0.4613657923690707,
      1
    ],
    [
      11,
      3,
      [
        1,
        9,
        10,
        8
      ],
      0.10023063211472705,
      0
    ],
    [
      12,
      10,
      [
        0,
        5,
        2,
        1
      ],
      0.2763082620356244,
      1
    ],
    [
      13,
      10,
      [
        2,
        5,
        9,
        3,
        0
      ],
      0.22248951503971723,
      1
    ],
    [
      14,
      2,
      [
        5,
        6,
        8,
        3,
        11
      ],
      0.4514919704392796,
      1
    ],
    [
      15,
      11,
      [
        12,
        0,
        3,
        5
      ],
      0.43516690689080084,
      1
    ],
    [
      16,
      10,
      [
        0,
        2,
        11,
        8,
        3
      ],
      0.31323874483226,
      1
    ],
    [
      17,
      13,
      [
        0,
        10,
        1,
        4
      ],
      0.3903111750414704,
      0
    ],
    [
      18,
      13,
      [
        6,
        11,
        2,
        5,
        7
      ],
      0.2660683097809242,
      1
    ],
    [
      19,
      8,
      [
        4,
        1,
        3,
        13
      ],
      0.17240638649506682,
      0
    ],
    [
      20,
      0,
      [
        13,
        5,
        6,
        9
      ],
      0.4537762138717164,
      1
    ],
    [
      21,
      11,
      [
        2,
        10,
        3,
        4
      ],
      0.15301762413957773,
      1
    ],
    [
      22,
      8,
      [
        1,
        7,
        9,
        13
      ],
      0.3123249826055632,
      1
    ],
    [
      23,
      7,
      [
        10,
        13,
        4,
        9
      ],
      0.2003613037569751,
      0
    ],
    [
      24,
      7,
      [
        4,
        3,
        12,
        2
      ],
      0.2116408101743081,
      0
    ],
    [
      25,
      11,
      [
        13,
        2,
        0,
        9
      ],
      0.28465292130830866,
      0
    ],
    [
      26,
      8,
      [
        7,
        0,
        2,
        1,
        9
      ],
      0.4107070286421962,
      0
    ],
    [
      27,
      3,
      [
        11,
        8,
        0,
        9,
        5
      ],
      0.3022517556758773,
      1
    ],
    [
      28,
      0,
      [
        2,
        10,
        7,
        4
      ],
      0.36737561953196907,
      0
    ],
    [
      29,
      4,
      [
        5,
        8,
        9,
        3,
        12
      ],
      0.20453472744027776,
      0
    ],
    [
      30,
      4,
      [
        10,
        8,
        2,
        6
      ],
      0.1607242602357292,
      0
    ],
    [
      31,
      9,
      [
        13,
        6,
        8,
        7
      ],
      0.3892553784338997,
      1
    ],
    [
      32,
      2,
      [
        1,
        3,
        10,
        9
      ],
      0.3317960196483364,
      0
    ],
    [
      33,
      5,
      [
        0,
        4,
        7,
        13
      ],
      0.37825876866088814,
      0
    ],
    [
      34,
      7,
      [
        1,
        11,
        9,
        2,
        6
      ],
      0.20193404927295405,
      1
    ],
    [
      35,
      13,
      [
        11,
        10,
        9,
        7
      ],
      0.12445683275400543,
      1
    ],
    [
      36,
      2,
      [
        6,
        12,
        4,
        0,
        3
      ],
      0.2958152614695003,
      1
    ],
    [
      37,
      2,
      [
        12,
        8,
        9,
        0
      ],
      0.10133811605161269,
      0
    ],
    [
      38,
      5,
      [
        1,
        7,
        9,
        4,
        8
      ],
      0.2697755930887643,
      0
    ],
    [
      39,
      8,
      [
        11,
        12,
        10,
        3
      ],
      0.21828054861190613,
      0
    ],
    [
      40,
      5,
      [
        7,
        8,
        1,
        3
      ],
      0.24559962543487734,
      0
    ],
    [
      41,
      4,
      [
        0,
        2,
        7,
        10,
        13
      ],
      0.39497264427900924,
      0
    ],
    [
      42,
      10,
      [
        6,
        3,
        13,
        11
      ],
      0.4125380726136262,
      1
    ],
    [
      43,
      1,
      [
        6,
        4,
        3,
        9
      ],
      0.42166092146595935,
      1
    ],
    [
      44,
      0,
      [
        7,
        4,
        10,
        8,
        5
      ],
      0.2890268279525937,
      0
    ],
    [
      45,
      6,
      [
        8,
        3,
        9,
        7,
        10
      ],
      0.1291132749532538,
      0
    ],
    [
      46,
      5,
      [
        4,
        10,
        0,
        9,
        2
      ],
      0.3966467477748882,
      1
    ],
    [
      47,
      8,
      [
        4,
        1,
        5,
        0,
        2
      ],
      0.39122972171494763,
      0
    ],
    [
      48,
      10,
      [
        13,
        3,
        1,
        0,
        5
      ],
      0.4355281275046189,
      0
    ],
    [
      49,
      9,
      [
        6,
        5,
        4,
        8,
        0
      ],
      0.22089519916168587,
      0
    ],
    [
      50,
      3,
      [
        0,
        4,
        2,
        9
      ],
      0.33815675415885305,
      1
    ],
    [
      51,
      8,
      [
        4,
        6,
        12,
        7
      ],
      0.31759477166537986,
      0
    ],
    [
      52,
      1,
      [
        6,
        12,
        8,
        7
      ],
      0.15887647831475196,
      1
    ],
    [
      53,
      13,
      [
        8,
        11,
        7,
        6
      ],
      0.1546747219160406,
      1
    ],
    [
      54,
      7,
      [
        1,
        4,
        5,
        11,
        3
      ],
      0.15612162363734985,
      0
    ],
    [
      55,
      3,
      [
        10,
        0,
        5,
        1
      ],
      0.4676288302330671,
      1
    ],
    [
      56,
      8,
      [
        11,
        1,
        5,
        3
      ],
      0.4133233506456595,
      1
    ],
    [
      57,
      0,
      [
        13,
        7,
        2,
        12,
        8
      ],
      0.124042524367308,
      0
    ],
    [
      58,
      7,
      [
        4,
        8,
        13,
        3,
        2
      ],
      0.47019614101186336,
      1
    ],
    [
      59,
      5,
      [
        13,
        2,
        6,
        3
      ],
      0.3081775906474816,
      1
    ],
    [
      60,
      1,
      [
        13,
        3,
        8,
        10,
        5
      ],
      0.3805494304088767,
      3
    ],
    [
      61,
      6,
      [
        7,
        1,
        5,
        12,
        13
      ],
      0.2088011743265965,
      2
    ],
    [
      62,
      11,
      [
        9,
        4,
        7,
        5,
        12
      ],
      0.1289085746512599,
      3
    ],
    [
      63,
      4,
      [
        6,
        13,
        10,
        5
      ],
      0.204759343907719,
      3
    ],
    [
      64,
      6,
      [
        7,
        10,
        5,
        11
      ],
      0.11241148583939947,
      3
    ],
    [
      65,
      1,
      [
        11,
        0,
        10,
        9
      ],
      0.26438233438972736,
      2
    ],
    [
      66,
      9,
      [
        4,
        1,
        7,
        11,
        6
      ],
      0.4865324583936117,
      2
    ],
    [
      67,
      6,
      [
        13,
        2,
        11,
        9,
        4
      ],
      0.2234429642410113,
      2
    ],
    [
      68,
      12,
      [
        0,
        2,
        9,
        3,
        4
      ],
      0.19139841275856564,
      3
    ],
    [
      69,
      9,
      [
        8,
        0,
        13,
        6
      ],
      0.10139885914127499,
      2
    ],
    [
      70,
      6,
      [
        10,
        9,
        5,
        4,
        11
      ],
      0.14155754115084604,
      2
    ],
    [
      71,
      13,
      [
        12,
        11,
        3,
        6
      ],
      0.3746212963951079,
      3
    ],
    [
      72,
      0,
      [
        3,
        6,
        10,
        8
      ],
      0.42199648190681793,
      2
    ],
    [
      73,
      11,
      [
        6,
        4,
        5,
        8,
        7
      ],
      0.19481186165289222,
      3
    ],
    [
      74,
      2,
      [
        6,
        12,
        3,
        9
      ],
      0.39500733949541933,
      3
    ],
    [
      75,
      10,
      [
        1,
        12,
        4,
        13
      ],
      0.4395820929157155,
      2
    ],
    [
      76,
      7,
      [
        2,
        10,
        6,
        8,
        0
      ],
      0.2378567405161135,
      2
    ],
    [
      77,
      5,
      [
        4,
        12,
        11,
        13,
        6
      ],
      0.3862903704727857,
      3
    ],
    [
      78,
      2,
      [
        6,
        4,
        10,
        3,
        7
      ],
      0.3564995905963334,
      2
    ],
    [
      79,
      11,
      [
        13,
        2,
        12,
        3
      ],
      0.2507803339397472,
      3
    ],
    [
      80,
      7,
      [
        11,
        2,
        0,
        8,
        12
      ],
      0.2072087517010807,
      2
    ],
    [
      81,
      3,
      [
        5,
        11,
        12,
        7,
        10
      ],
      0.47335109019071286,
      3
    ],
    [
      82,
      12,
      [
        2,
        11,
        1,
        0
      ],
      0.17752049650562132,
      2
    ],
    [
      83,
      8,
      [
        6,
        5,
        0,
        9,
        7
      ],
      0.16849183253476285,
      2
    ],
    [
      84,
      9,
      [
        7,
        11,
        4,
        3
      ],
      0.2566734842117818,
      3
    ],
    [
      85,
      1,
      [
        10,
        7,
        11,
        4,
        9
      ],
      0.21307616472294272,
      2
    ],
    [
      86,
      9,
      [
        2,
        1,
        8,
        4
      ],
      0.4522107049473151,
      3
    ],
    [
      87,
      3,
      [
        2,
        6,
        0,
        5,
        13
      ],
      0.20950949974445154,
      2
    ],
    [
      88,
      0,
      [
        6,
        4,
        2,
        8,
        12
      ],
      0.2463378594859753,
      3
    ],
    [
      89,
      5,
      [
        2,
        1,
        0,
        4,
        12
      ],
      0.10160746926813324,
      2
    ],
    [
      90,
      7,
      [
        2,
        3,
        6,
        8,
        0
      ],
      0.2658295939904486,
      3
    ],
    [
      91,
      4,
      [
        3,
        9,
        10,
        11,
        5
      ],
      0.2108428305048578,
      2
    ],
    [
      92,
      4,
      [
        13,
        8,
        10,
        0,
        2
      ],
      0.4429092408024654,
      2
    ],
    [
      93,
      12,
      [
        10,
        1,
        4,
        5
      ],
      0.10959654376972856,
      2
    ],
    [
      94,
      12,
      [
        8,
        7,
        0,
        3,
        1
      ],
      0.4837055187359963,
      2
    ],
    [
      95,
      3,
      [
        13,
        4,
        8,
        7
      ],
      0.22317931891405426,
      3
    ],
    [
      96,
      9,
      [
        6,
        12,
        13,
        4
      ],
      0.4596048054386338,
      3
    ],
    [
      97,
      12,
      [
        9,
        2,
        3,
        5
      ],
      0.25536001540519365,
      2
    ],
    [
      98,
      1,
      [
        13,
        6,
        11,
        8,
        12
      ],
      0.22486179852251806,
      3
    ],
    [
      99,
      9,
      [
        10,
        1,
        4,
        5
      ],
      0.1854447297502548,
      3
    ],
    [
      100,
      0,
      [
        1,
        12,
        3,
        9
      ],
      0.2217938175208016,
      2
    ],
    [
      101,
      10,
      [
        5,
        1,
        2,
        11
      ],
      0.24911969110470272,
      2
    ],
    [
      102,
      13,
      [
        0,
        12,
        6,
        8
      ],
      0.12088478923843154,
      3
    ],
    [
      103,
      1,
      [
        9,
        4,
        0,
        3
      ],
      0.22835775633604732,
      3
    ],
    [
      104,
      6,
      [
        7,
        8,
        3,
        12
      ],
      0.2632866882694238,
      3
    ],
    [
      105,
      4,
      [
        1,
        11,
        7,
        6
      ],
      0.4525858824951766,
      3
    ],
    [
      106,
      1,
      [
        3,
        12,
        11,
        7,
        0
      ],
      0.18491547291413762,
      2
    ],
    [
      107,
      12,
      [
        11,
        10,
        6,
        8,
        1
      ],
      0.14857142221177289,
      3
    ],
    [
      108,
      11,
      [
        10,
        7,
        6,
        13,
        8
      ],
      0.19201059155302092,
      3
    ],
    [
      109,
      6,
      [
        9,
        11,
        8,
        12
      ],
      0.21367057142664556,
      2
    ],
    [
      110,
      5,
      [
        6,
        2,
        9,
        8
      ],
      0.23125542102119848,
      2
    ],
    [
      111,
      3,
      [
        4,
        12,
        8,
        9,
        7
      ],
      0.12098619898400886,
      3
    ],
    [
      112,
      10,
      [
        3,
        2,
        11,
        1
      ],
      0.4974738397046531,
      3
    ],
    [
      113,
      5,
      [
        13,
        0,
        11,
        4
      ],
      0.3145278841684982,
      2
    ],
    [
      114,
      4,
      [
        10,
        7,
        9,
        3,
        1
      ],
      0.41998768298820344,
      2
    ],
    [
      115,
      1,
      [
        13,
        2,
        12,
        5
      ],
      0.4335511067167236,
      2
    ],
    [
      116,
      9,
      [
        6,
        2,
        12,
        0
      ],
      0.4951450575857528,
      3
    ],
    [
      117,
      6,
      [
        8,
        3,
        11,
        10
      ],
      0.4378608334949855,
      3
    ],
    [
      118,
      13,
      [
        10,
        7,
        2,
        3,
        11
      ],
      0.47641210360530317,
      2
    ],
    [
      119,
      1,
      [
        4,
        3,
        5,
        0,
        13
      ],
      0.2698886703688351,
      3
    ]
  ],
  [
    [
      0,
      11,
      [
        10,
        12,
        9,
        4
      ],
      0.3653442377186874,
      0
    ],
    [
      1,
      13,
      [
        6,
        7,
        2,
        0,
        5
      ],
      0.4438749443476848,
      0
    ],
    [
      2,
      0,
      [
        6,
        7,
        9,
        11
      ],
      0.31346737436773464,
      0
    ],
    [
      3,
      5,
      [
        4,
        9,
        10,
        1
      ],
      0.12709563841782312,
      0
    ],
    [
      4,
      9,
      [
        11,
        1,
        8,
        13
      ],
      0.22338431863180205,
      0
    ],
    [
      5,
      4,
      [
        3,
        10,
        7,
        8,
        0
      ],
      0.49591536586773377,
      0
    ],
    [
      6,
      8,
      [
        9,
        1,
        7,
        2,
        12
      ],
      0.42386976435812884,
      0
    ],
    [
      7,
      10,
      [
        9,
        8,
        2,
        6
      ],
      0.3472046423322088,
      0
    ],
    [
      8,
      13,
      [
        0,
        3,
        2,
        1
      ],
      0.3937748811759926,
      1
    ],
    [
      9,
      3,
      [
        5,
        9,
        10,
        0,
        7
      ],
      0.14410197881888676,
      0
    ],
    [
      10,
      11,
      [
        6,
        13,
        4,
        1,
        3
      ],
      0.20433027606227575,
      0
    ],
    [
      11,
      9,
      [
        5,
        7,
        3,
        8
      ],
      0.4785792444285272,
      1
    ],
    [
      12,
      11,
      [
        10,
        4,
        12,
        9
      ],
      0.20331259137406543,
      1
    ],
    [
      13,
      10,
      [
        6,
        7,
        13,
        5,
        11
      ],
      0.23354743257408914,
      0
    ],
    [
      14,
      9,
      [
        4,
        8,
        0,
        2
      ],
      0.3111491333906965,
      0
    ],
    [
      15,
      10,
      [
        3,
        11,
        1,
        5,
        0
      ],
      0.22576570320009967,
      1
    ],
    [
      16,
      0,
      [
        9,
        12,
        13,
        8,
        1
      ],
      0.24937000991882857,
      0
    ],
    [
      17,
      2,
      [
        12,
        10,
        6,
        4
      ],
      0.24625458706418832,
      0
    ],
    [
      18,
      13,
      [
        3,
        9,
        11,
        0,
        5
      ],
      0.1734815820981032,
      1
    ],
    [
      19,
      3,
      [
        0,
        1,
        4,
        5
      ],
      0.3357858725491772,
      1
    ],
    [
      20,
      2,
      [
        7,
        1,
        5,
        10,
        12
      ],
      0.1341851574083709,
      1
    ],
    [
      21,
      4,
      [
        6,
        0,
        13,
        2
      ],
      0.42774421619146497,
      1
    ],
    [
      22,
      6,
      [
        0,
        8,
        13,
        7,
        1
      ],
      0.32083614509852165,
      1
    ],
    [
      23,
      6,
      [
        10,
        11,
        3,
        13,
        9
      ],
      0.10223166294036604,
      0
    ],
    [
      24,
      5,
      [
        6,
        11,
        12,
        1,
        2
      ],
      0.41255826080877067,
      1
    ],
    [
      25,
      0,
      [
        7,
        8,
        11,
        13,
        2
      ],
      0.2780003736016719,
      0
    ],
    [
      26,
      7,
      [
        5,
        11,
        9,
        1
      ],
      0.3811956677388886,
      0
    ],
    [
      27,
      12,
      [
        11,
        10,
        8,
        1,
        3
      ],
      0.13880114380961592,
      1
    ],
    [
      28,
      5,
      [
        1,
        2,
        4,
        8,
        7
      ],
      0.11255091993987804,
      0
    ],
    [
      29,
      5,
      [
        3,
        11,
        8,
        12,
        7
      ],
      0.3758262926300563,
      1
    ],
    [
      30,
      4,
      [
        1,
        9,
        2,
        10,
        6
      ],
      0.18084981743912643,
      1
    ],
    [
      31,
      10,
      [
        11,
        5,
        6,
        9,
        8
      ],
      0.3734969895737049,
      0
    ],
    [
      32,
      6,
      [
        5,
        10,
        2,
        8,
        7
      ],
      0.2312087896180402,
      1
    ],
    [
      33,
      7,
      [
        11,
        4,
        5,
        6,
        0
      ],
      0.2028222975781692,
      0
    ],
    [
      34,
      13,
      [
        6,
        3,
        11,
        12
      ],
      0.4632286209393549,
      1
    ],
    [
      35,
      7,
      [
        6,
        9,
        8,
        13
      ],
      0.2947205189393235,
      0
    ],
    [
      36,
      4,
      [
        13,
        10,
        1,
        5
      ],
      0.30024815752337186,
      0
    ],
    [
      37,
      4,
      [
        12,
        6,
        10,
        2
      ],
      0.32060204592413055,
      0
    ],
    [
      38,
      0,
      [
        3,
        8,
        6,
        5,
        2
      ],
      0.19882329340004856,
      1
    ],
    [
      39,
      9,
      [
        3,
        8,
        10,
        5
      ],
      0.1483230416867233,
      0
    ],
    [
      40,
      1,
      [
        6,
        12,
        13,
        11
      ],
      0.1435758172006148,
      0
    ],
    [
      41,
      8,
      [
        1,
        3,
        5,
        0,
        2
      ],
      0.314883476165953,
      1
    ],
    [
      42,
      10,
      [
        4,
        13,
        8,
        2,
        12
      ],
      0.29394767903016483,
      1
    ],
    [
      43,
      3,
      [
        5,
        13,
        9,
        2,
        7
      ],
      0.16404189414356743,
      0
    ],
    [
      44,
      12,
      [
        8,
        11,
        2,
        13
      ],
      0.4001539369224092,
      0
    ],
    [
      45,
      12,
      [
        0,
        6,
        5,
        8,
        3
      ],
      0.2924059970761318,
      1
    ],
    [
      46,
      9,
      [
        12,
        3,
        11,
        8,
        4
      ],
      0.3264077804286224,
      1
    ],
    [
      47,
      5,
      [
        1,
        9,
        13,
        10,
        11
      ],
      0.22093155354777094,
      0
    ],
    [
      48,
      13,
      [
        9,
        1,
        3,
        5
      ],
      0.2237278650808802,
      0
    ],
    [
      49,
      1,
      [
        11,
        13,
        2,
        3
      ],
      0.11186875824122176,
      0
    ],
    [
      50,
      7,
      [
        6,
        9,
        11,
        2
      ],
      0.13442501582713323,
      0
    ],
    [
      51,
      5,
      [
        3,
        12,
        1,
        7,
        2
      ],
      0.2943582451131891,
      1
    ],
    [
      52,
      2,
      [
        0,
        9,
        12,
        1
      ],
      0.15395769446908225,
      1
    ],
    [
      53,
      3,
      [
        6,
        4,
        5,
        2,
        9
      ],
      0.479978140808637,
      1
    ],
    [
      54,
      1,
      [
        13,
        0,
        10,
        8
      ],
      0.41818094131543915,
      1
    ],
    [
      55,
      13,
      [
        1,
        8,
        2,
        0,
        12
      ],
      0.14469493418311274,
      0
    ],
    [
      56,
      12,
      [
        6,
        0,
        2,
        10,
        8
      ],
      0.43864182704709676,
      0
    ],
    [
      57,
      3,
      [
        6,
        1,
        4,
        7
      ],
      0.4333536453009683,
      0
    ],
    [
      58,
      11,
      [
        5,
        3,
        13,
        6,
        0
      ],
      0.45940721860587874,
      1
    ],
    [
      59,
      6,
      [
        0,
        10,
        5,
        9
      ],
      0.3891497383576057,
      1
    ],
    [
      60,
      7,
      [
        11,
        3,
        6,
        2,
        12
      ],
      0.15998686913083635,
      3
    ],
    [
      61,
      8,
      [
        7,
        3,
        5,
        2,
        12
      ],
      0.37124019162163635,
      3
    ],
    [
      62,
      12,
      [
        9,
        0,
        2,
        4,
        3
      ],
      0.12631085604873712,
      3
    ],
    [
      63,
      1,
      [
        11,
        0,
        4,
        9,
        2
      ],
      0.1314296146772098,
      2
    ],
    [
      64,
      4,
      [
        3,
        0,
        7,
        9
      ],
      0.49592121880667694,
      3
    ],
    [
      65,
      2,
      [
        1,
        13,
        7,
        3,
        11
      ],
      0.41584744057197554,
      3
    ],
    [
      66,
      5,
      [
        13,
        3,
        7,
        4
      ],
      0.32489673374086103,
      3
    ],
    [
      67,
      13,
      [
        0,
        12,
        7,
        11
      ],
      0.25215985761349613,
      3
    ],
    [
      68,
      0,
      [
        3,
        13,
        2,
        4
      ],
      0.1639367755595841,
      3
    ],
    [
      69,
      3,
      [
        6,
        13,
        2,
        11,
        10
      ],
      0.42143070910729863,
      2
    ],
    [
      70,
      1,
      [
        4,
        13,
        3,
        12,
        8
      ],
      0.24694067350719406,
      2
    ],
    [
      71,
      9,
      [
        2,
        1,
        13,
        5
      ],
      0.3705392302550371,
      3
    ],
    [
      72,
      6,
      [
        5,
        2,
        10,
        1
      ],
      0.20955370821626437,
      3
    ],
    [
      73,
      0,
      [
        2,
        13,
        11,
        4,
        1
      ],
      0.13067703521748106,
      3
    ],
    [
      74,
      12,
      [
        2,
        5,
        10,
        9,
        1
      ],
      0.2177716209997007,
      2
    ],
    [
      75,
      8,
      [
        10,
        7,
        12,
        0,
        3
      ],
      0.15895412845631154,
      3
    ],
    [
      76,
      0,
      [
        8,
        10,
        7,
        9,
        1
      ],
      0.21270421791920546,
      2
    ],
    [
      77,
      1,
      [
        7,
        12,
        4,
        0
      ],
      0.10969946449916677,
      2
    ],
    [
      78,
      4,
      [
        10,
        11,
        1,
        8,
        0
      ],
      0.17302557629948268,
      3
    ],
    [
      79,
      8,
      [
        4,
        0,
        5,
        13
      ],
      0.4391717422567555,
      2
    ],
    [
      80,
      1,
      [
        5,
        10,
        6,
        3,
        11
      ],
      0.15746690894331605,
      3
    ],
    [
      81,
      3,
      [
        9,
        10,
        8,
        5,
        6
      ],
      0.4797595259955646,
      3
    ],
    [
      82,
      6,
      [
        11,
        10,
        13,
        2,
        8
      ],
      0.30354077089254383,
      2
    ],
    [
      83,
      11,
      [
        12,
        5,
        3,
        8,
        6
      ],
      0.16304511339088057,
      2
    ],
    [
      84,
      11,
      [
        10,
        1,
        13,
        0,
        5
      ],
      0.2917880223969572,
      3
    ],
    [
      85,
      7,
      [
        12,
        9,
        11,
        6
      ],
      0.37424643040194017,
      3
    ],
    [
      86,
      5,
      [
        4,
        8,
        10,
        11,
        12
      ],
      0.12254445877653018,
      3
    ],
    [
      87,
      0,
      [
        11,
        8,
        1,
        3,
        13
      ],
      0.21204883914739558,
      3
    ],
    [
      88,
      9,
      [
        1,
        4,
        0,
        3,
        6
      ],
      0.4191805334142287,
      2
    ],
    [
      89,
      12,
      [
        10,
        8,
        1,
        6,
        5
      ],
      0.3220693530386052,
      2
    ],
    [
      90,
      2,
      [
        8,
        3,
        5,
        6
      ],
      0.43645822604217754,
      3
    ],
    [
      91,
      10,
      [
        11,
        3,
        7,
        4,
        2
      ],
      0.3740474440062702,
      2
    ],
    [
      92,
      10,
      [
        13,
        2,
        1,
        7,
        4
      ],
      0.3857411272647632,
      3
    ],
    [
      93,
      11,
      [
        8,
        10,
        5,
        7
      ],
      0.4167028178098734,
      2
    ],
    [
      94,
      8,
      [
        11,
        2,
        1,
        4,
        10
      ],
      0.4485409956870733,
      2
    ],
    [
      95,
      13,
      [
        2,
        9,
        4,
        11,
        12
      ],
      0.3996359220943212,
      3
    ],
    [
      96,
      4,
      [
        7,
        13,
        0,
        10
      ],
      0.20577820522613882,
      3
    ],
    [
      97,
      7,
      [
        3,
        6,
        5,
        0,
        10
      ],
      0.4534365092546585,
      3
    ],
    [
      98,
      2,
      [
        4,
        11,
        10,
        1,
        3
      ],
      0.3063307387569565,
      2
    ],
    [
      99,
      11,
      [
        4,
        12,
        2,
        0,
        13
      ],
      0.37451277009146566,
      3
    ],
    [
      100,
      6,
      [
        5,
        0,
        12,
        4
      ],
      0.3131435720683373,
      3
    ],
    [
      101,
      9,
      [
        13,
        0,
        5,
        1,
        4
      ],
      0.1870007739143103,
      3
    ],
    [
      102,
      2,
      [
        0,
        1,
        9,
        13,
        8
      ],
      0.4026262007492577,
      2
    ],
    [
      103,
      12,
      [
        3,
        9,
        5,
        13
      ],
      0.2736214677318993,
      3
    ],
    [
      104,
      1,
      [
        6,
        0,
        13,
        5,
        9
      ],
      0.4439479587939822,
      2
    ],
    [
      105,
      8,
      [
        6,
        3,
        7,
        1,
        10
      ],
      0.2717329485207334,
      2
    ],
    [
      106,
      3,
      [
        13,
        11,
        9,
        12,
        5
      ],
      0.3345047460234123,
      3
    ],
    [
      107,
      2,
      [
        9,
        1,
        4,
        3,
        0
      ],
      0.3460856501767643,
      2
    ],
    [
      108,
      7,
      [
        13,
        12,
        10,
        5
      ],
      0.20726454784557552,
      3
    ],
    [
      109,
      10,
      [
        7,
        0,
        6,
        1
      ],
      0.4807490839804671,
      2
    ],
    [
      110,
      8,
      [
        0,
        9,
        1,
        13
      ],
      0.20776876945742903,
      3
    ],
    [
      111,
      6,
      [
        7,
        8,
        10,
        3,
        13
      ],
      0.42595886483684053,
      2
    ],
    [
      112,
      9,
      [
        2,
        11,
        0,
        1
      ],
      0.26105841701278065,
      3
    ],
    [
      113,
      11,
      [
        9,
        13,
        7,
        1,
        6
      ],
      0.47045096154111754,
      2
    ],
    [
      114,
      3,
      [
        0,
        4,
        9,
        8
      ],
      0.11355375585346456,
      3
    ],
    [
      115,
      7,
      [
        5,
        6,
        10,
        3
      ],
      0.18448814339589714,
      3
    ],
    [
      116,
      13,
      [
        4,
        9,
        7,
        1
      ],
      0.37114443152545895,
      3
    ],
    [
      117,
      9,
      [
        7,
        11,
        4,
        3,
        12
      ],
      0.3156600313985808,
      2
    ],
    [
      118,
      0,
      [
        5,
        1,
        6,
        12,
        4
      ],
      0.4974688826673731,
      3
    ],
    [
      119,
      3,
      [
        7,
        9,
        0,
        13
      ],
      0.3986575435541144,
      3
    ]
  ],
  [
    [
      0,
      3,
      [
        2,
        13,
        10,
        12,
        8
      ],
      0.2420673179763796,
      1
    ],
    [
      1,
      4,
      [
        13,
        6,
        3,
        8,
        12
      ],
      0.12364625700937144,
      0
    ],
    [
      2,
      0,
      [
        12,
        13,
        2,
        9,
        1
      ],
      0.138086254370382,
      0
    ],
    [
      3,
      3,
      [
        13,
        8,
        10,
        9
      ],
      0.4449144345121344,
      1
    ],
    [
      4,
      8,
      [
        6,
        0,
        10,
        2
      ],
      0.3214872904797289,
      0
    ],
    [
      5,
      9,
      [
        12,
        11,
        5,
        0
      ],
      0.28698102170082274,
      0
    ],
    [
      6,
      1,
      [
        9,
        0,
        6,
        4,
        11
      ],
      0.10139495804571808,
      0
    ],
    [
      7,
      1,
      [
        5,
        0,
        12,
        6,
        13
      ],
      0.2665900963307196,
      1
    ],
    [
      8,
      8,
      [
        2,
        1,
        13,
        12
      ],
      0.2876325985116105,
      1
    ],
    [
      9,
      4,
      [
        9,
        10,
        11,
        8
      ],
      0.3769527724920999,
      1
    ],
    [
      10,
      4,
      [
        7,
        6,
        9,
        5
      ],
      0.2874424560189897,
      1
    ],
    [
      11,
      6,
      [
        0,
        4,
        12,
        7
      ],
      0.11274207129451588,
      1
    ],
    [
      12,
      5,
      [
        4,
        9,
        3,
        6
      ],
      0.4474460510099826,
      1
    ],
    [
      13,
      8,
      [
        12,
        7,
        1,
        6,
        9
      ],
      0.3211478836136904,
      1
    ],
    [
      14,
      12,
      [
        1,
        3,
        8,
        5
      ],
      0.3174036396342842,
      0
    ],
    [
      15,
      13,
      [
        4,
        8,
        5,
        1,
        11
      ],
      0.4973127517481142,
      0
    ],
    [
      16,
      2,
      [
        13,
        7,
        11,
        1
      ],
      0.2790638105941046,
      0
    ],
    [
      17,
      0,
      [
        10,
        12,
        3,
        2,
        8
      ],
      0.3978331205259249,
      0
    ],
    [
      18,
      1,
      [
        4,
        8,
        11,
        9
      ],
      0.4249640653633011,
      1
    ],
    [
      19,
      6,
      [
        3,
        12,
        11,
        13
      ],
      0.34160154781573404,
      0
    ],
    [
      20,
      8,
      [
        5,
        2,
        9,
        11
      ],
      0.14052465849078954,
      1
    ],
    [
      21,
      7,
      [
        3,
        12,
        13,
        2
      ],
      0.1228874216789694,
      1
    ],
    [
      22,
      0,
      [
        13,
        4,
        11,
        1
      ],
      0.3960869346961716,
      0
    ],
    [
      23,
      10,
      [
        13,
        4,
        2,
        5,
        1
      ],
      0.3460695564946691,
      1
    ],
    [
      24,
      13,
      [
        6,
        10,
        4,
        12
      ],
      0.3859920222993368,
      1
    ],
    [
      25,
      1,
      [
        8,
        11,
        0,
        4
      ],
      0.33635441743997585,
      1
    ],
    [
      26,
      0,
      [
        11,
        2,
        12,
        5,
        3
      ],
      0.3780114836608809,
      0
    ],
    [
      27,
      2,
      [
        11,
        12,
        1,
        7,
        6
      ],
      0.29738737942897014,
      1
    ],
    [
      28,
      12,
      [
        7,
        9,
        6,
        1
      ],
      0.3123841770095137,
      1
    ],
    [
      29,
      3,
      [
        0,
        6,
        10,
        12
      ],
      0.3230091313422423,
      0
    ],
    [
      30,
      4,
      [
        10,
        11,
        13,
        2,
        3
      ],
      0.3000923395495556,
      0
    ],
    [
      31,
      7,
      [
        8,
        3,
        13,
        0,
        1
      ],
      0.3170485909721506,
      0
    ],
    [
      32,
      2,
      [
        4,
        7,
        8,
        13
      ],
      0.4376004232044244,
      0
    ],
    [
      33,
      9,
      [
        13,
        5,
        0,
        12,
        1
      ],
      0.15909086846343118,
      0
    ],
    [
      34,
      4,
      [
        0,
        3,
        11,
        7
      ],
      0.15799809422046704,
      0
    ],
    [
      35,
      5,
      [
        6,
        10,
        0,
        12
      ],
      0.14502329894892607,
      0
    ],
    [
      36,
      7,
      [
        3,
        8,
        1,
        6,
        13
      ],
      0.12946582627404327,
      0
    ],
    [
      37,
      8,
      [
        2,
        9,
        6,
        11
      ],
      0.15984610431841834,
      0
    ],
    [
      38,
      11,
      [
        0,
        7,
        4,
        13
      ],
      0.49506122057159263,
      1
    ],
    [
      39,
      5,
      [
        13,
        6,
        0,
        7
      ],
      0.4550846689603857,
      0
    ],
    [
      40,
      1,
      [
        9,
        5,
        11,
        3,
        10
      ],
      0.2533704930544908,
      1
    ],
    [
      41,
      11,
      [
        10,
        0,
        4,
        13,
        9
      ],
      0.21712636126413518,
      0
    ],
    [
      42,
      12,
      [
        10,
        6,
        5,
        4
      ],
      0.14507314430921184,
      0
    ],
    [
      43,
      5,
      [
        11,
        6,
        10,
        13
      ],
      0.3706683247051875,
      1
    ],
    [
      44,
      12,
      [
        7,
        10,
        4,
        9,
        2
      ],
      0.20385054172187078,
      0
    ],
    [
      45,
      5,
      [
        2,
        11,
        0,
        7,
        4
      ],
      0.18340428269752201,
      0
    ],
    [
      46,
      0,
      [
        5,
        8,
        11,
        1,
        13
      ],
      0.17481204380275242,
      0
    ],
    [
      47,
      11,
      [
        3,
        6,
        8,
        9
      ],
      0.2357694111273265,
      1
    ],
    [
      48,
      12,
      [
        0,
        11,
        13,
        5
      ],
      0.3565408238029786,
      0
    ],
    [
      49,
      6,
      [
        1,
        7,
        3,
        8,
        2
      ],
      0.3890474959103112,
      0
    ],
    [
      50,
      11,
      [
        4,
        5,
        8,
        6,
        3
      ],
      0.22509516693221732,
      1
    ],
    [
      51,
      10,
      [
        13,
        11,
        3,
        2,
        9
      ],
      0.37413885007896097,
      0
    ],
    [
      52,
      6,
      [
        2,
        9,
        3,
        10,
        5
      ],
      0.487190805811458,
      1
    ],
    [
      53,
      0,
      [
        2,
        1,
        3,
        8
      ],
      0.37056414730691223,
      1
    ],
    [
      54,
      8,
      [
        9,
        7,
        5,
        1,
        0
      ],
      0.3566407670024464,
      1
    ],
    [
      55,
      10,
      [
        3,
        1,
        0,
        9
      ],
      0.1646480585716469,
      1
    ],
    [
      56,
      2,
      [
        9,
        6,
        3,
        1
      ],
      0.34136969655931737,
      0
    ],
    [
      57,
      5,
      [
        6,
        11,
        12,
        13,
        7
      ],
      0.3216425139858097,
      0
    ],
    [
      58,
      10,
      [
        11,
        8,
        5,
        4
      ],
      0.2776196383666333,
      0
    ],
    [
      59,
      13,
      [
        7,
        3,
        0,
        12,
        9
      ],
      0.4408561714392377,
      1
    ],
    [
      60,
      11,
      [
        8,
        4,
        0,
        13,
        2
      ],
      0.24377376618070534,
      2
    ],
    [
      61,
      9,
      [
        13,
        12,
        4,
        1,
        7
      ],
      0.34338851423780087,
      2
    ],
    [
      62,
      2,
      [
        7,
        11,
        8,
        13,
        12
      ],
      0.44191415714427895,
      3
    ],
    [
      63,
      8,
      [
        0,
        12,
        6,
        9
      ],
      0.1317738829916212,
      2
    ],
    [
      64,
      10,
      [
        2,
        9,
        6,
        1
      ],
      0.34082836279347595,
      3
    ],
    [
      65,
      1,
      [
        11,
        5,
        12,
        6
      ],
      0.253527173067171,
      3
    ],
    [
      66,
      9,
      [
        0,
        2,
        7,
        12
      ],
      0.15291277218560465,
      2
    ],
    [
      67,
      8,
      [
        12,
        13,
        1,
        10
      ],
      0.3700460826002979,
      2
    ],
    [
      68,
      13,
      [
        7,
        2,
        9,
        0
      ],
      0.21252032201141835,
      3
    ],
    [
      69,
      3,
      [
        12,
        2,
        7,
        1
      ],
      0.14365504846810012,
      3
    ],
    [
      70,
      12,
      [
        7,
        6,
        3,
        0
      ],
      0.46449399472294706,
      3
    ],
    [
      71,
      10,
      [
        7,
        4,
        12,
        6
      ],
      0.18338628940119245,
      3
    ],
    [
      72,
      0,
      [
        3,
        8,
        10,
        13
      ],
      0.22814431506540123,
      3
    ],
    [
      73,
      7,
      [
        9,
        3,
        2,
        13,
        10
      ],
      0.4800143347577649,
      2
    ],
    [
      74,
      9,
      [
        2,
        8,
        12,
        5,
        13
      ],
      0.3379912338964266,
      2
    ],
    [
      75,
      3,
      [
        6,
        11,
        7,
        4,
        8
      ],
      0.1250471476263682,
      2
    ],
    [
      76,
      2,
      [
        3,
        4,
        7,
        8
      ],
      0.4385537881984425,
      2
    ],
    [
      77,
      6,
      [
        3,
        5,
        1,
        2,
        13
      ],
      0.48984435083437006,
      3
    ],
    [
      78,
      7,
      [
        1,
        12,
        9,
        10
      ],
      0.307559250632731,
      2
    ],
    [
      79,
      12,
      [
        3,
        10,
        5,
        6,
        11
      ],
      0.14932632043144545,
      3
    ],
    [
      80,
      4,
      [
        8,
        6,
        9,
        5,
        2
      ],
      0.4374488749728014,
      3
    ],
    [
      81,
      11,
      [
        4,
        6,
        5,
        9,
        1
      ],
      0.4877741956665962,
      2
    ],
    [
      82,
      9,
      [
        10,
        6,
        11,
        1
      ],
      0.3799070630735243,
      3
    ],
    [
      83,
      6,
      [
        13,
        8,
        3,
        1
      ],
      0.4510735454183087,
      3
    ],
    [
      84,
      0,
      [
        4,
        5,
        7,
        12,
        10
      ],
      0.3916415824879781,
      3
    ],
    [
      85,
      5,
      [
        11,
        10,
        6,
        8
      ],
      0.1766047686693063,
      2
    ],
    [
      86,
      10,
      [
        1,
        13,
        9,
        8
      ],
      0.10605042052916339,
      3
    ],
    [
      87,
      7,
      [
        10,
        8,
        5,
        11,
        0
      ],
      0.3064874810606176,
      3
    ],
    [
      88,
      13,
      [
        4,
        2,
        5,
        9,
        1
      ],
      0.15038658184346587,
      3
    ],
    [
      89,
      7,
      [
        9,
        11,
        1,
        13
      ],
      0.1370352869592122,
      2
    ],
    [
      90,
      11,
      [
        4,
        5,
        9,
        13,
        10
      ],
      0.4826060476252465,
      2
    ],
    [
      91,
      1,
      [
        8,
        3,
        6,
        2,
        12
      ],
      0.3076348082126553,
      2
    ],
    [
      92,
      2,
      [
        1,
        3,
        0,
        12,
        5
      ],
      0.14554496240318593,
      3
    ],
    [
      93,
      7,
      [
        2,
        10,
        12,
        4
      ],
      0.3513690375646422,
      3
    ],
    [
      94,
      2,
      [
        6,
        7,
        0,
        8,
        9
      ],
      0.25128566054430684,
      2
    ],
    [
      95,
      9,
      [
        5,
        4,
        11,
        10
      ],
      0.4034290601818572,
      2
    ],
    [
      96,
      9,
      [
        5,
        8,
        11,
        3
      ],
      0.27120056588165564,
      3
    ],
    [
      97,
      13,
      [
        0,
        10,
        7,
        1
      ],
      0.3191396717356031,
      3
    ],
    [
      98,
      13,
      [
        0,
        3,
        10,
        6
      ],
      0.350648677822442,
      3
    ],
    [
      99,
      12,
      [
        2,
        11,
        7,
        9,
        3
      ],
      0.35834646856927443,
      3
    ],
    [
      100,
      3,
      [
        7,
        4,
        1,
        0,
        8
      ],
      0.437066302083422,
      2
    ],
    [
      101,
      3,
      [
        4,
        5,
        11,
        9,
        6
      ],
      0.2748154400591406,
      2
    ],
    [
      102,
      6,
      [
        8,
        5,
        13,
        9,
        12
      ],
      0.4886690246070906,
      2
    ],
    [
      103,
      13,
      [
        0,
        8,
        6,
        9
      ],
      0.24370751657661938,
      2
    ],
    [
      104,
      10,
      [
        6,
        11,
        3,
        5
      ],
      0.11207932258181774,
      2
    ],
    [
      105,
      1,
      [
        6,
        2,
        5,
        3,
        0
      ],
      0.336147185225964,
      2
    ],
    [
      106,
      3,
      [
        2,
        13,
        1,
        6,
        0
      ],
      0.2776292108456101,
      3
    ],
    [
      107,
      6,
      [
        12,
        1,
        3,
        11
      ],
      0.25136298035201476,
      2
    ],
    [
      108,
      11,
      [
        12,
        4,
        0,
        7,
        9
      ],
      0.24203715350957355,
      2
    ],
    [
      109,
      4,
      [
        13,
        5,
        1,
        12,
        6
      ],
      0.4836663947427814,
      2
    ],
    [
      110,
      5,
      [
        6,
        3,
        12,
        1
      ],
      0.28358912856188245,
      2
    ],
    [
      111,
      4,
      [
        10,
        11,
        6,
        3,
        1
      ],
      0.45913712506161397,
      2
    ],
    [
      112,
      12,
      [
        13,
        10,
        6,
        4
      ],
      0.19819779516373798,
      2
    ],
    [
      113,
      3,
      [
        0,
        7,
        6,
        4,
        1
      ],
      0.24764830177075853,
      3
    ],
    [
      114,
      6,
      [
        7,
        9,
        4,
        5,
        1
      ],
      0.16285223995124348,
      2
    ],
    [
      115,
      10,
      [
        0,
        7,
        12,
        9
      ],
      0.10962848192203661,
      2
    ],
    [
      116,
      12,
      [
        1,
        8,
        7,
        10
      ],
      0.4169309734363451,
      3
    ],
    [
      117,
      12,
      [
        8,
        9,
        10,
        7
      ],
      0.153066409752878,
      3
    ],
    [
      118,
      1,
      [
        4,
        9,
        7,
        2
      ],
      0.18985184995581394,
      2
    ],
    [
      119,
      11,
      [
        0,
        6,
        7,
        8,
        1
      ],
      0.2352694129071937,
      3
    ]
  ],
  [
    [
      0,
      1,
      [
        4,
        3,
        13,
        7,
        12
      ],
      0.37067370654649767,
      0
    ],
    [
      1,
      1,
      [
        12,
        5,
        10,
        3
      ],
      0.24170957232477097,
      0
    ],
    [
      2,
      2,
      [
        6,
        11,
        0,
        9,
        12
      ],
      0.36715881069554723,
      0
    ],
    [
      3,
      0,
      [
        8,
        13,
        1,
        10,
        3
      ],
      0.4452219600588613,
      0
    ],
    [
      4,
      8,
      [
        0,
        13,
        11,
        5,
        7
      ],
      0.4941288187647602,
      1
    ],
    [
      5,
      5,
      [
        13,
        10,
        3,
        8
      ],
      0.4600933608329173,
      0
    ],
    [
      6,
      2,
      [
        9,
        6,
        12,
        0,
        7
      ],
      0.22652622841216466,
      0
    ],
    [
      7,
      8,
      [
        10,
        4,
        6,
        1
      ],
      0.1366817998826384,
      0
    ],
    [
      8,
      8,
      [
        13,
        0,
        5,
        10,
        3
      ],
      0.33060322264079756,
      1
    ],
    [
      9,
      12,
      [
        5,
        0,
        8,
        4,
        6
      ],
      0.45820614602605936,
      0
    ],
    [
      10,
      13,
      [
        7,
        8,
        9,
        4,
        11
      ],
      0.24312319477025723,
      1
    ],
    [
      11,
      7,
      [
        4,
        12,
        10,
        2,
        13
      ],
      0.39641431682547246,
      1
    ],
    [
      12,
      9,
      [
        2,
        3,
        1,
        8
      ],
      0.4100964564592342,
      1
    ],
    [
      13,
      4,
      [
        10,
        8,
        13,
        12
      ],
      0.15377936775455128,
      0
    ],
    [
      14,
      4,
      [
        0,
        8,
        7,
        1,
        13
      ],
      0.20387948481788648,
      1
    ],
    [
      15,
      11,
      [
        4,
        7,
        9,
        6
      ],
      0.22792649521596264,
      0
    ],
    [
      16,
      13,
      [
        5,
        1,
        9,
        10
      ],
      0.42411972008812937,
      1
    ],
    [
      17,
      9,
      [
        8,
        12,
        2,
        3,
        13
      ],
      0.33391381204491,
      0
    ],
    [
      18,
      13,
      [
        12,
        11,
        7,
        10
      ],
      0.29814150937754147,
      0
    ],
    [
      19,
      3,
      [
        0,
        11,
        9,
        13,
        8
      ],
      0.37122617959789606,
      1
    ],
    [
      20,
      6,
      [
        12,
        2,
        7,
        5
      ],
      0.3878048502551269,
      1
    ],
    [
      21,
      0,
      [
        9,
        13,
        5,
        11
      ],
      0.3752608683373091,
      1
    ],
    [
      22,
      10,
      [
        1,
        6,
        5,
        3,
        9
      ],
      0.46756168604314674,
      1
    ],
    [
      23,
      7,
      [
        13,
        10,
        8,
        0
      ],
      0.2889925097325381,
      0
    ],
    [
      24,
      4,
      [
        10,
        7,
        5,
        11
      ],
      0.19331118489658122,
      1
    ],
    [
      25,
      11,
      [
        2,
        0,
        13,
        7
      ],
      0.33234507566672855,
      0
    ],
    [
      26,
      12,
      [
        8,
        5,
        4,
        3,
        13
      ],
      0.2721806857074107,
      1
    ],
    [
      27,
      10,
      [
        5,
        9,
        12,
        8,
        0
      ],
      0.19752169162648237,
      0
    ],
    [
      28,
      0,
      [
        6,
        11,
        4,
        12
      ],
      0.21817192183744846,
      0
    ],
    [
      29,
      11,
      [
        3,
        8,
        7,
        0,
        5
      ],
      0.44020988318332177,
      0
    ],
    [
      30,
      1,
      [
        3,
        5,
        11,
        0
      ],
      0.10099354946730688,
      0
    ],
    [
      31,
      13,
      [
        5,
        0,
        3,
        6,
        10
      ],
      0.34643852368927175,
      0
    ],
    [
      32,
      10,
      [
        5,
        8,
        4,
        0
      ],
      0.15007563066944016,
      0
    ],
    [
      33,
      3,
      [
        8,
        1,
        4,
        10
      ],
      0.2572995210403802,
      1
    ],
    [
      34,
      4,
      [
        9,
        13,
        7,
        12,
        3
      ],
      0.38592066302577543,
      0
    ],
    [
      35,
      7,
      [
        3,
        13,
        1,
        8
      ],
      0.4400478878062234,
      1
    ],
    [
      36,
      3,
      [
        9,
        12,
        6,
        7
      ],
      0.44420241132372074,
      0
    ],
    [
      37,
      5,
      [
        11,
        8,
        7,
        3
      ],
      0.16802001912217862,
      0
    ],
    [
      38,
      7,
      [
        0,
        3,
        2,
        8,
        1
      ],
      0.2385531032191505,
      0
    ],
    [
      39,
      1,
      [
        2,
        11,
        0,
        3,
        5
      ],
      0.1534619034054896,
      1
    ],
    [
      40,
      12,
      [
        9,
        4,
        7,
        2,
        6
      ],
      0.2964761749551655,
      0
    ],
    [
      41,
      10,
      [
        11,
        13,
        7,
        2
      ],
      0.4339589580681148,
      0
    ],
    [
      42,
      5,
      [
        6,
        3,
        0,
        8
      ],
      0.4057397915681268,
      1
    ],
    [
      43,
      9,
      [
        2,
        4,
        12,
        6,
        11
      ],
      0.4027674352899334,
      1
    ],
    [
      44,
      7,
      [
        10,
        9,
        1,
        13,
        12
      ],
      0.34789877279338755,
      1
    ],
    [
      45,
      12,
      [
        7,
        1,
        6,
        13
      ],
      0.42714237334864213,
      1
    ],
    [
      46,
      6,
      [
        8,
        9,
        13,
        0
      ],
      0.47880192634186003,
      1
    ],
    [
      47,
      9,
      [
        2,
        11,
        7,
        1
      ],
      0.15490791535360487,
      1
    ],
    [
      48,
      13,
      [
        1,
        2,
        12,
        10
      ],
      0.34399340770672626,
      1
    ],
    [
      49,
      10,
      [
        4,
        9,
        12,
        11,
        8
      ],
      0.11922397620224374,
      0
    ],
    [
      50,
      10,
      [
        6,
        1,
        2,
        9
      ],
      0.1265867181404502,
      1
    ],
    [
      51,
      6,
      [
        3,
        9,
        5,
        7
      ],
      0.43794855752813067,
      0
    ],
    [
      52,
      11,
      [
        3,
        13,
        0,
        6
      ],
      0.11147218076218023,
      1
    ],
    [
      53,
      4,
      [
        11,
        0,
        6,
        10,
        13
      ],
      0.1985875343854759,
      0
    ],
    [
      54,
      12,
      [
        11,
        9,
        8,
        4
      ],
      0.20508818256726047,
      1
    ],
    [
      55,
      8,
      [
        12,
        11,
        3,
        9
      ],
      0.23828208794804626,
      1
    ],
    [
      56,
      5,
      [
        13,
        11,
        0,
        4
      ],
      0.3935847852031572,
      1
    ],
    [
      57,
      8,
      [
        3,
        1,
        12,
        13
      ],
      0.4106653054713535,
      0
    ],
    [
      58,
      1,
      [
        5,
        4,
        6,
        0
      ],
      0.431450127446651,
      1
    ],
    [
      59,
      8,
      [
        10,
        3,
        13,
        11
      ],
      0.2295402172211276,
      0
    ],
    [
      60,
      3,
      [
        4,
        11,
        7,
        2,
        13
      ],
      0.36600982853093644,
      3
    ],
    [
      61,
      12,
      [
        1,
        6,
        2,
        8
      ],
      0.2180650011239001,
      3
    ],
    [
      62,
      6,
      [
        9,
        13,
        10,
        3
      ],
      0.21715714968302222,
      2
    ],
    [
      63,
      7,
      [
        1,
        4,
        0,
        10,
        6
      ],
      0.30734604873289495,
      3
    ],
    [
      64,
      0,
      [
        3,
        10,
        2,
        4,
        5
      ],
      0.43044576109377986,
      3
    ],
    [
      65,
      13,
      [
        10,
        1,
        2,
        8
      ],
      0.38656647852650095,
      2
    ],
    [
      66,
      5,
      [
        10,
        2,
        4,
        9,
        8
      ],
      0.3100087931411351,
      3
    ],
    [
      67,
      10,
      [
        12,
        1,
        9,
        4
      ],
      0.34651471158641317,
      3
    ],
    [
      68,
      9,
      [
        4,
        5,
        6,
        7
      ],
      0.3938225921732189,
      3
    ],
    [
      69,
      0,
      [
        3,
        9,
        8,
        12
      ],
      0.49820127588097063,
      3
    ],
    [
      70,
      12,
      [
        7,
        1,
        11,
        0
      ],
      0.22680107829348983,
      3
    ],
    [
      71,
      2,
      [
        12,
        8,
        10,
        9
      ],
      0.24463184972730978,
      3
    ],
    [
      72,
      5,
      [
        11,
        9,
        0,
        7,
        8
      ],
      0.48796423294287594,
      2
    ],
    [
      73,
      12,
      [
        6,
        8,
        9,
        5,
        4
      ],
      0.1661840499260222,
      2
    ],
    [
      74,
      11,
      [
        13,
        12,
        2,
        10
      ],
      0.32658183728769724,
      2
    ],
    [
      75,
      6,
      [
        1,
        11,
        8,
        0
      ],
      0.319569456510136,
      3
    ],
    [
      76,
      3,
      [
        1,
        11,
        8,
        2
      ],
      0.4421127449147344,
      3
    ],
    [
      77,
      4,
      [
        5,
        1,
        10,
        9,
        8
      ],
      0.4270333813214996,
      3
    ],
    [
      78,
      9,
      [
        5,
        3,
        10,
        4
      ],
      0.23647613390520125,
      3
    ],
    [
      79,
      2,
      [
        8,
        6,
        5,
        13
      ],
      0.16376286281081134,
      2
    ],
    [
      80,
      7,
      [
        8,
        3,
        6,
        5
      ],
      0.3405603792913874,
      2
    ],
    [
      81,
      5,
      [
        10,
        11,
        8,
        2,
        3
      ],
      0.347737491061925,
      3
    ],
    [
      82,
      2,
      [
        5,
        7,
        12,
        8,
        13
      ],
      0.34306133943866113,
      3
    ],
    [
      83,
      11,
      [
        7,
        6,
        12,
        10,
        2
      ],
      0.30915192638151745,
      3
    ],
    [
      84,
      3,
      [
        2,
        12,
        4,
        1,
        6
      ],
      0.49514430500061657,
      2
    ],
    [
      85,
      1,
      [
        5,
        0,
        3,
        8
      ],
      0.1421229894272837,
      2
    ],
    [
      86,
      8,
      [
        2,
        5,
        0,
        11,
        6
      ],
      0.22605535231187074,
      2
    ],
    [
      87,
      2,
      [
        10,
        1,
        0,
        13,
        4
      ],
      0.2901553343901646,
      2
    ],
    [
      88,
      11,
      [
        12,
        1,
        6,
        10,
        7
      ],
      0.1896861171729358,
      3
    ],
    [
      89,
      6,
      [
        13,
        8,
        4,
        3
      ],
      0.33502331691410026,
      3
    ],
    [
      90,
      3,
      [
        0,
        2,
        6,
        9
      ],
      0.25907018091580103,
      2
    ],
    [
      91,
      13,
      [
        0,
        11,
        9,
        4
      ],
      0.4003304597161931,
      2
    ],
    [
      92,
      11,
      [
        3,
        7,
        12,
        13
      ],
      0.3038617093172802,
      3
    ],
    [
      93,
      4,
      [
        1,
        12,
        11,
        13
      ],
      0.442114785417262,
      3
    ],
    [
      94,
      9,
      [
        0,
        8,
        13,
        3
      ],
      0.4571623124579445,
      2
    ],
    [
      95,
      10,
      [
        2,
        7,
        11,
        8,
        3
      ],
      0.2780185512224088,
      3
    ],
    [
      96,
      7,
      [
        13,
        9,
        3,
        0
      ],
      0.41203060392432145,
      3
    ],
    [
      97,
      0,
      [
        2,
        9,
        4,
        3
      ],
      0.3496509807147999,
      2
    ],
    [
      98,
      9,
      [
        0,
        5,
        6,
        7,
        4
      ],
      0.4074339986142098,
      3
    ],
    [
      99,
      0,
      [
        5,
        2,
        7,
        6,
        11
      ],
      0.22677326520818175,
      3
    ],
    [
      100,
      8,
      [
        3,
        5,
        0,
        7,
        4
      ],
      0.30475247749408274,
      3
    ],
    [
      101,
      2,
      [
        12,
        10,
        5,
        7
      ],
      0.10703530683467194,
      3
    ],
    [
      102,
      0,
      [
        12,
        11,
        9,
        7,
        13
      ],
      0.41345249822358343,
      3
    ],
    [
      103,
      6,
      [
        8,
        10,
        4,
        11
      ],
      0.27164026483316106,
      3
    ],
    [
      104,
      2,
      [
        12,
        6,
        3,
        10,
        1
      ],
      0.2581652439283503,
      2
    ],
    [
      105,
      1,
      [
        3,
        9,
        5,
        6
      ],
      0.39121400717693533,
      2
    ],
    [
      106,
      5,
      [
        0,
        9,
        8,
        1,
        11
      ],
      0.19323224729208568,
      2
    ],
    [
      107,
      1,
      [
        9,
        0,
        10,
        11
      ],
      0.17409507192728013,
      3
    ],
    [
      108,
      3,
      [
        1,
        4,
        5,
        9
      ],
      0.4153297710299667,
      2
    ],
    [
      109,
      6,
      [
        7,
        11,
        12,
        10,
        8
      ],
      0.2644052251024478,
      3
    ],
    [
      110,
      4,
      [
        1,
        12,
        9,
        11,
        3
      ],
      0.33426760465621175,
      2
    ],
    [
      111,
      13,
      [
        3,
        10,
        9,
        2
      ],
      0.3197374982728605,
      3
    ],
    [
      112,
      12,
      [
        2,
        3,
        5,
        4,
        0
      ],
      0.3298552323352162,
      3
    ],
    [
      113,
      7,
      [
        4,
        8,
        10,
        13
      ],
      0.19302413927583706,
      3
    ],
    [
      114,
      10,
      [
        8,
        13,
        7,
        4,
        0
      ],
      0.4180663854456109,
      3
    ],
    [
      115,
      11,
      [
        4,
        10,
        5,
        8
      ],
      0.4022843133774284,
      2
    ],
    [
      116,
      2,
      [
        11,
        5,
        4,
        10
      ],
      0.2918054340387027,
      3
    ],
    [
      117,
      10,
      [
        13,
        8,
        2,
        4,
        9
      ],
      0.11861898897516494,
      2
    ],
    [
      118,
      2,
      [
        13,
        3,
        10,
        11,
        8
      ],
      0.11720835969435175,
      3
    ],
    [
      119,
      11,
      [
        4,
        3,
        1,
        6,
        0
      ],
      0.42831704587395814,
      2
    ]
  ]
]