[
  [
    [
      0,
      4,
      [
        12,
        11,
        9,
        3
      ],
      0.37478960141580064,
      0
    ],
    [
      1,
      12,
      [
        9,
        1,
        6,
        0,
        11
      ],
      0.14361890565960547,
      1
    ],
    [
      2,
      2,
      [
        12,
        13,
        7,
        5,
        11
      ],
      0.4294871387029411,
      0
    ],
    [
      3,
      6,
      [
        9,
        2,
        1,
        12,
        3
      ],
      0.2917199628334234,
      1
    ],
    [
      4,
      1,
      [
        4,
        13,
        0,
        2
      ],
      0.2076775712115364,
      1
    ],
    [
      5,
      2,
      [
        0,
        13,
        3,
        5,
        6
      ],
      0.3124014484052938,
      0
    ],
    [
      6,
      10,
      [
        5,
        2,
        7,
        13
      ],
      0.3627728186038288,
      0
    ],
    [
      7,
      2,
      [
        0,
        8,
        6,
        5
      ],
      0.4851084054516013,
      0
    ],
    [
      8,
      12,
      [
        7,
        1,
        4,
        5
      ],
      0.15464232265757807,
      0
    ],
    [
      9,
      9,
      [
        7,
        8,
        5,
        0
      ],
      0.4600783524997516,
      0
    ],
    [
      10,
      12,
      [
        5,
        1,
        10,
        7
      ],
      0.4603343757321515,
      1
    ],
    [
      11,
      6,
      [
        8,
        10,
        0,
        12,
        7
      ],
      0.25167056793772846,
      0
    ],
    [
      12,
      11,
      [
        1,
        13,
        10,
        12
      ],
      0.49732887523532887,
      0
    ],
    [
      13,
      1,
      [
        7,
        12,
        10,
        8,
        11
      ],
      0.285048892612368,
      1
    ],
    [
      14,
      5,
      [
        4,
        10,
        1,
        8
      ],
      0.10891626545852909,
      0
    ],
    [
      15,
      13,
      [
        12,
        9,
        10,
        7
      ],
      0.20233208804255265,
      1
    ],
    [
      16,
      13,
      [
        4,
        2,
        10,
        9
      ],
      0.18102976536272353,
      1
    ],
    [
      17,
      13,
      [
        10,
        7,
        11,
        3
      ],
      0.2307842475317632,
      1
    ],
    [
      18,
      4,
      [
        11,
        7,
        3,
        13,
        12
      ],
      0.18783097738953583,
      0
    ],
    [
      19,
      5,
      [
        2,
        13,
        8,
        6,
        0
      ],
      0.3844871046070427,
      0
    ],
    [
      20,
      7,
      [
        1,
        8,
        12,
        4,
        3
      ],
      0.4323584568917298,
      0
    ],
    [
      21,
      8,
      [
        11,
        5,
        10,
        7,
        12
      ],
      0.1298716867826204,
      1
    ],
    [
      22,
      5,
      [
        10,
        0,
        11,
        4
      ],
      0.32823278413478946,
      1
    ],
    [
      23,
      9,
      [
        11,
        2,
        6,
        7,
        3
      ],
      0.10989060333136656,
      0
    ],
    [
      24,
      12,
      [
        13,
        2,
        0,
        1,
        7
      ],
      0.1436080802379973,
      0
    ],
    [
      25,
      10,
      [
        11,
        3,
        12,
        7,
        4
      ],
      0.17147443805403384,
      0
    ],
    [
      26,
      7,
      [
        9,
        12,
        0,
        2
      ],
      0.19058264575110356,
      1
    ],
    [
      27,
      5,
      [
        7,
        12,
        3,
        1,
        13
      ],
      0.473041531123665,
      0
    ],
    [
      28,
      1,
      [
        8,
        13,
        4,
        0,
        7
      ],
      0.3200052278304518,
      0
    ],
    [
      29,
      10,
      [
        5,
        11,
        3,
        1,
        9
      ],
      0.1853186316558477,
      1
    ],
    [
      30,
      0,
      [
        5,
        9,
        6,
        13,
        1
      ],
      0.2394028172037579,
      0
    ],
    [
      31,
      12,
      [
        7,
        5,
        8,
        6
      ],
      0.40729339800851583,
      0
    ],
    [
      32,
      8,
      [
        3,
        1,
        6,
        0,
        2
      ],
      0.3132487873286137,
      0
    ],
    [
      33,
      3,
      [
        2,
        9,
        12,
        8
      ],
      0.47829895877819883,
      1
    ],
    [
      34,
      13,
      [
        12,
        3,
        7,
        8,
        9
      ],
      0.21606787094819452,
      0
    ],
    [
      35,
      3,
      [
        5,
        11,
        7,
        10
      ],
      0.1832958290113688,
      1
    ],
    [
      36,
      3,
      [
        10,
        8,
        4,
        7
      ],
      0.31436147127831165,
      1
    ],
    [
      37,
      2,
      [
        0,
        9,
        13,
        12
      ],
      0.4669414412992714,
      1
    ],
    [
      38,
      8,
      [
        1,
        12,
        2,
        13
      ],
      0.4723303363880975,
      1
    ],
    [
      39,
      5,
      [
        13,
        7,
        4,
        3,
        8
      ],
      0.29721462764432305,
      1
    ],
    [
      40,
      6,
      [
        8,
        9,
        5,
        1,
        3
      ],
      0.267815699034616,
      1
    ],
    [
      41,
      11,
      [
        2,
        12,
        0,
        10
      ],
      0.17764264093497115,
      1
    ],
    [
      42,
      2,
      [
        11,
        5,
        6,
        13
      ],
      0.1977866638295839,
      0
    ],
    [
      43,
      7,
      [
        8,
        12,
        10,
        1,
        9
      ],
      0.34941037669942865,
      0
    ],
    [
      44,
      5,
      [
        0,
        7,
        11,
        12
      ],
      0.4300719008724323,
      1
    ],
    [
      45,
      6,
      [
        11,
        9,
        13,
        3
      ],
      0.31184760694554853,
      0
    ],
    [
      46,
      7,
      [
        12,
        11,
        5,
        2
      ],
      0.22634951950051635,
      0
    ],
    [
      47,
      10,
      [
        3,
        13,
        1,
        2,
        12
      ],
      0.15301662005953942,
      0
    ],
    [
      48,
      13,
      [
        6,
        1,
        12,
        10
      ],
      0.3173107051549429,
      1
    ],
    [
      49,
      0,
      [
        7,
        11,
        12,
        1
      ],
      0.1384227341441335,
      0
    ],
    [
      50,
      4,
      [
        1,
        12,
        9,
        6,
        11
      ],
      0.4994346639087278,
      3
    ],
    [
      51,
      5,
      [
        8,
        1,
        0,
        11
      ],
      0.40479887888333643,
      2
    ],
    [
      52,
      4,
      [
        3,
        2,
        1,
        13,
        12
      ],
      0.43608571636088866,
      2
    ],
    [
      53,
      0,
      [
        10,
        1,
        3,
        8,
        2
      ],
      0.40588819115374675,
      2
    ],
    [
      54,
      4,
      [
        8,
        7,
        9,
        6,
        12
      ],
      0.1840340542820984,
      3
    ],
    [
      55,
      0,
      [
        11,
        12,
        1,
        4,
        3
      ],
      0.2631823404251068,
      2
    ],
    [
      56,
      9,
      [
        6,
        3,
        10,
        2,
        1
      ],
      0.3050243192683135,
      3
    ],
    [
      57,
      7,
      [
        1,
        12,
        11,
        6
      ],
      0.3278735834348355,
      3
    ],
    [
      58,
      4,
      [
        13,
        5,
        12,
        1
      ],
      0.3977739624469795,
      3
    ],
    [
      59,
      3,
      [
        2,
        6,
        9,
        12
      ],
      0.4069079203356616,
      3
    ],
    [
      60,
      10,
      [
        3,
        12,
        2,
        1
      ],
      0.4189332048348149,
      3
    ],
    [
      61,
      8,
      [
        1,
        0,
        5,
        10,
        12
      ],
      0.19284287772469377,
      3
    ],
    [
      62,
      1,
      [
        4,
        11,
        7,
        10,
        3
      ],
      0.3132318707610189,
      3
    ],
    [
      63,
      7,
      [
        11,
        3,
        1,
        6,
        0
      ],
      0.14590745751677875,
      3
    ],
    [
      64,
      0,
      [
        5,
        8,
        7,
        9
      ],
      0.1201827727595128,
      2
    ],
    [
      65,
      12,
      [
        0,
        1,
        4,
        10
      ],
      0.21027667792333143,
      3
    ],
    [
      66,
      3,
      [
        9,
        10,
        1,
        8,
        11
      ],
      0.3197662401125925,
      3
    ],
    [
      67,
      3,
      [
        2,
        7,
        8,
        13
      ],
      0.4422689542040852,
      3
    ],
    [
      68,
      1,
      [
        8,
        7,
        5,
        9
      ],
      0.2594270873005152,
      3
    ],
    [
      69,
      10,
      [
        8,
        4,
        7,
        12,
        13
      ],
      0.4717901446924462,
      3
    ],
    [
      70,
      1,
      [
        0,
        4,
        10,
        13,
        3
      ],
      0.26352231131388104,
      2
    ],
    [
      71,
      0,
      [
        6,
        12,
        7,
        1,
        13
      ],
      0.12940171300647144,
      2
    ],
    [
      72,
      11,
      [
        12,
        7,
        4,
        3
      ],
      0.11817357994127105,
      3
    ],
    [
      73,
      11,
      [
        2,
        3,
        9,
        1
      ],
      0.12015989906861774,
      3
    ],
    [
      74,
      1,
      [
        2,
        4,
        0,
        6,
        9
      ],
      0.16188965178825232,
      3
    ],
    [
      75,
      6,
      [
        2,
        11,
        7,
        8,
        4
      ],
      0.35583726341198874,
      3
    ],
    [
      76,
      11,
      [
        13,
        12,
        8,
        2,
        4
      ],
      0.39371388294956566,
      3
    ],
    [
      77,
      10,
      [
        1,
        8,
        4,
        12
      ],
      0.34999057008791457,
      3
    ],
    [
      78,
      9,
      [
        4,
        10,
        11,
        12,
        3
      ],
      0.35324025237155154,
      3
    ],
    [
      79,
      11,
      [
        3,
        8,
        10,
        13
      ],
      0.4515105625485496,
      2
    ],
    [
      80,
      8,
      [
        0,
        4,
        12,
        6
      ],
      0.11076152808472264,
      2
    ],
    [
      81,
      6,
      [
        3,
        9,
        4,
        1
      ],
      0.402315271158343,
      2
    ],
    [
      82,
      4,
      [
        11,
        6,
        8,
        13
      ],
      0.2416397101003904,
      2
    ],
    [
      83,
      6,
      [
        8,
        12,
        2,
        1,
        10
      ],
      0.27892382386083303,
      3
    ],
    [
      84,
      12,
      [
        6,
        11,
        4,
        13
      ],
      0.42395078882779214,
      3
    ],
    [
      85,
      13,
      [
        10,
        9,
        5,
        4,
        8
      ],
      0.40359404607446414,
      2
    ],
    [
      86,
      0,
      [
        11,
        6,
        10,
        2
      ],
      0.28480649851315676,
      3
    ],
    [
      87,
      2,
      [
        9,
        1,
        7,
        10,
        8
      ],
      0.4261202773014513,
      2
    ],
    [
      88,
      11,
      [
        13,
        0,
        1,
        4,
        3
      ],
      0.4642735888424464,
      3
    ],
    [
      89,
      7,
      [
        8,
        12,
        5,
        4
      ],
      0.45268431050455016,
      3
    ],
    [
      90,
      9,
      [
        11,
        12,
        5,
        13
      ],
      0.4625108334940141,
      3
    ],
    [
      91,
      9,
      [
        10,
        13,
        11,
        4,
        7
      ],
      0.31208449543431227,
      3
    ],
    [
      92,
      9,
      [
        5,
        3,
        6,
        8,
        12
      ],
      0.13371484685449064,
      3
    ],
    [
      93,
      13,
      [
        5,
        10,
        6,
        9,
        11
      ],
      0.4184521263687623,
      2
    ],
    [
      94,
      2,
      [
        9,
        3,
        10,
        11,
        12
      ],
      0.1706368776850094,
      3
    ],
    [
      95,
      8,
      [
        13,
        0,
        3,
        9,
        12
      ],
      0.31766066598500076,
      3
    ],
    [
      96,
      3,
      [
        11,
        7,
        1,
        10,
        9
      ],
      0.22218986686486863,
      2
    ],
    [
      97,
      8,
      [
        1,
        4,
        13,
        5
      ],
      0.13387996264088106,
      3
    ],
    [
      98,
      11,
      [
        12,
        10,
        6,
        3
      ],
      0.24017617207113973,
      2
    ],
    [
      99,
      9,
      [
        0,
        13,
        7,
        8,
        1
      ],
      0.45545877356725584,
      2
    ]
  ],
  [
    [
      0,
      10,
      [
        0,
        3,
        2,
        11
      ],
      0.13297059640803247,
      0
    ],
    [
      1,
      1,
      [
        8,
        12,
        13,
        2,
        9
      ],
      0.442938204127457,
      0
    ],
    [
      2,
      11,
      [
        13,
        3,
        6,
        12,
        1
      ],
      0.4125670904705707,
      0
    ],
    [
      3,
      10,
      [
        0,
        8,
        6,
        12,
        7
      ],
      0.16302060766993237,
      0
    ],
    [
      4,
      0,
      [
        5,
        7,
        2,
        9,
        13
      ],
      0.49890726347931125,
      1
    ],
    [
      5,
      13,
      [
        1,
        10,
        2,
        12
      ],
      0.36706438778113226,
      1
    ],
    [
      6,
      3,
      [
        11,
        8,
        0,
        7,
        12
      ],
      0.194991178195084,
      0
    ],
    [
      7,
      10,
      [
        13,
        0,
        3,
        9
      ],
      0.16085280862567922,
      1
    ],
    [
      8,
      6,
      [
        5,
        7,
        9,
        1,
        4
      ],
      0.17546293795092305,
      1
    ],
    [
      9,
      9,
      [
        5,
        4,
        12,
        10,
        7
      ],
      0.3895168174514958,
      0
    ],
    [
      10,
      1,
      [
        7,
        2,
        12,
        3,
        11
      ],
      0.1525757094552975,
      1
    ],
    [
      11,
      9,
      [
        3,
        6,
        0,
        7
      ],
      0.3370958200214405,
      0
    ],
    [
      12,
      9,
      [
        3,
        0,
        2,
        1
      ],
      0.27352591576230856,
      0
    ],
    [
      13,
      1,
      [
        7,
        9,
        3,
        4
      ],
      0.40674456104032275,
      1
    ],
    [
      14,
      9,
      [
        5,
        6,
        10,
        0,
        12
      ],
      0.3452380141612311,
      1
    ],
    [
      15,
      6,
      [
        11,
        10,
        9,
        0,
        4
      ],
      0.23240617867934688,
      0
    ],
    [
      16,
      8,
      [
        11,
        7,
        1,
        9,
        6
      ],
      0.1819531217496461,
      1
    ],
    [
      17,
      2,
      [
        1,
        10,
        3,
        5,
        9
      ],
      0.4611987063243548,
      1
    ],
    [
      18,
      13,
      [
        9,
        8,
        11,
        2
      ],
      0.32966232214397545,
      1
    ],
    [
      19,
      0,
      [
        10,
        1,
        11,
        4
      ],
      0.4106457325316618,
      0
    ],
    [
      20,
      7,
      [
        8,
        10,
        6,
        5
      ],
      0.23167384592222354,
      0
    ],
    [
      21,
      5,
      [
        8,
        1,
        13,
        2,
        3
      ],
      0.4616229312697777,
      1
    ],
    [
      22,
      8,
      [
        2,
        12,
        5,
        10
      ],
      0.15825571752385184,
      1
    ],
    [
      23,
      10,
      [
        11,
        5,
        3,
        9
      ],
      0.2452398205720029,
      1
    ],
    [
      24,
      9,
      [
        10,
        8,
        1,
        7
      ],
      0.11280835987147766,
      0
    ],
    [
      25,
      3,
      [
        5,
        11,
        7,
        10
      ],
      0.33675922048188556,
      0
    ],
    [
      26,
      13,
      [
        3,
        6,
        7,
        0
      ],
      0.15719466962772244,
      0
    ],
    [
      27,
      0,
      [
        10,
        7,
        3,
        6,
        9
      ],
      0.1525894232501334,
      0
    ],
    [
      28,
      7,
      [
        0,
        11,
        13,
        2
      ],
      0.26127113389769263,
      1
    ],
    [
      29,
      8,
      [
        7,
        5,
        6,
        10,
        11
      ],
      0.40068632150163364,
      0
    ],
    [
      30,
      7,
      [
        12,
        6,
        13,
        1,
        10
      ],
      0.46209918540399253,
      1
    ],
    [
      31,
      8,
      [
        6,
        0,
        5,
        12,
        4
      ],
      0.39023315196099595,
      1
    ],
    [
      32,
      9,
      [
        10,
        5,
        4,
        13,
        1
      ],
      0.19773698486222213,
      1
    ],
    [
      33,
      2,
      [
        9,
        7,
        0,
        8,
        1
      ],
      0.31048781844957674,
      0
    ],
    [
      34,
      5,
      [
        11,
        7,
        3,
        1
      ],
      0.49971070859221967,
      1
    ],
    [
      35,
      12,
      [
        9,
        2,
        3,
        6,
        1
      ],
      0.4613657923690707,
      1
    ],
    [
      36,
      4,
      [
        1,
        9,
        10,
        8
      ],
      0.10023063211472705,
      0
    ],
    [
      37,
      2,
      [
        0,
        6,
        3,
        1
      ],
      0.2763082620356244,
      1
    ],
    [
      38,
      2,
      [
        3,
        6,
        10,
        4,
        0
      ],
      0.22248951503971723,
      1
    ],
    [
      39,
      10,
      [
        4,
        5,
        7,
        2,
        11
      ],
      0.4514919704392796,
      1
    ],
    [
      40,
      0,
      [
        12,
        1,
        4,
        6
      ],
      0.43516690689080084,
      1
    ],
    [
      41,
      5,
      [
        0,
        2,
        11,
        9,
        3
      ],
      0.31323874483226,
      1
    ],
    [
      42,
      12,
      [
        0,
        10,
        1,
        4
      ],
      0.3903111750414704,
      0
    ],
    [
      43,
      13,
      [
        6,
        11,
        2,
        5,
        7
      ],
      0.2660683097809242,
      1
    ],
    [
      44,
      5,
      [
        4,
        1,
        3,
        13
      ],
      0.17240638649506682,
      0
    ],
    [
      45,
      11,
      [
        13,
        4,
        5,
        8
      ],
      0.4537762138717164,
      1
    ],
    [
      46,
      3,
      [
        2,
        11,
        4,
        5
      ],
      0.15301762413957773,
      1
    ],
    [
      47,
      3,
      [
        1,
        8,
        9,
        13
      ],
      0.3123249826055632,
      1
    ],
    [
      48,
      0,
      [
        10,
        13,
        5,
        9
      ],
      0.2003613037569751,
      0
    ],
    [
      49,
      1,
      [
        5,
        4,
        12,
        3
      ],
      0.2116408101743081,
      0
    ],
    [
      50,
      4,
      [
        13,
        2,
        0,
        10
      ],
      0.28465292130830866,
      2
    ],
    [
      51,
      8,
      [
        7,
        0,
        2,
        1,
        9
      ],
      0.4107070286421962,
      2
    ],
    [
      52,
      2,
      [
        11,
        8,
        0,
        9,
        5
      ],
      0.3022517556758773,
      3
    ],
    [
      53,
      3,
      [
        1,
        10,
        7,
        4
      ],
      0.36737561953196907,
      2
    ],
    [
      54,
      0,
      [
        5,
        8,
        9,
        4,
        12
      ],
      0.20453472744027776,
      2
    ],
    [
      55,
      1,
      [
        10,
        8,
        3,
        6
      ],
      0.1607242602357292,
      2
    ],
    [
      56,
      6,
      [
        13,
        7,
        9,
        8
      ],
      0.3892553784338997,
      3
    ],
    [
      57,
      13,
      [
        1,
        2,
        9,
        8
      ],
      0.3317960196483364,
      2
    ],
    [
      58,
      12,
      [
        0,
        4,
        6,
        13
      ],
      0.37825876866088814,
      2
    ],
    [
      59,
      11,
      [
        1,
        10,
        8,
        2,
        6
      ],
      0.20193404927295405,
      3
    ],
    [
      60,
      12,
      [
        11,
        10,
        9,
        7
      ],
      0.12445683275400543,
      3
    ],
    [
      61,
      6,
      [
        5,
        12,
        3,
        0,
        2
      ],
      0.2958152614695003,
      3
    ],
    [
      62,
      1,
      [
        12,
        8,
        9,
        0
      ],
      0.10133811605161269,
      2
    ],
    [
      63,
      4,
      [
        1,
        7,
        9,
        5,
        8
      ],
      0.2697755930887643,
      2
    ],
    [
      64,
      5,
      [
        11,
        12,
        10,
        3
      ],
      0.21828054861190613,
      2
    ],
    [
      65,
      2,
      [
        7,
        8,
        1,
        4
      ],
      0.24559962543487734,
      2
    ],
    [
      66,
      2,
      [
        0,
        3,
        7,
        10,
        13
      ],
      0.39497264427900924,
      2
    ],
    [
      67,
      4,
      [
        7,
        3,
        13,
        11
      ],
      0.4125380726136262,
      3
    ],
    [
      68,
      8,
      [
        5,
        3,
        2,
        9
      ],
      0.42166092146595935,
      3
    ],
    [
      69,
      5,
      [
        7,
        3,
        10,
        8,
        4
      ],
      0.2890268279525937,
      2
    ],
    [
      70,
      10,
      [
        7,
        3,
        8,
        6,
        9
      ],
      0.1291132749532538,
      2
    ],
    [
      71,
      8,
      [
        4,
        10,
        0,
        9,
        2
      ],
      0.3966467477748882,
      3
    ],
    [
      72,
      11,
      [
        4,
        1,
        5,
        0,
        2
      ],
      0.39122972171494763,
      2
    ],
    [
      73,
      4,
      [
        13,
        3,
        1,
        0,
        6
      ],
      0.4355281275046189,
      2
    ],
    [
      74,
      7,
      [
        6,
        5,
        4,
        9,
        0
      ],
      0.22089519916168587,
      2
    ],
    [
      75,
      7,
      [
        0,
        3,
        2,
        9
      ],
      0.33815675415885305,
      3
    ],
    [
      76,
      9,
      [
        4,
        6,
        12,
        7
      ],
      0.31759477166537986,
      2
    ],
    [
      77,
      10,
      [
        5,
        12,
        7,
        6
      ],
      0.15887647831475196,
      3
    ],
    [
      78,
      12,
      [
        8,
        11,
        7,
        6
      ],
      0.1546747219160406,
      3
    ],
    [
      79,
      7,
      [
        1,
        4,
        5,
        11,
        3
      ],
      0.15612162363734985,
      2
    ],
    [
      80,
      12,
      [
        9,
        0,
        4,
        1
      ],
      0.4676288302330671,
      3
    ],
    [
      81,
      13,
      [
        10,
        1,
        5,
        3
      ],
      0.4133233506456595,
      3
    ],
    [
      82,
      7,
      [
        13,
        6,
        1,
        12,
        8
      ],
      0.124042524367308,
      2
    ],
    [
      83,
      6,
      [
        4,
        8,
        13,
        3,
        2
      ],
      0.47019614101186336,
      3
    ],
    [
      84,
      12,
      [
        13,
        2,
        5,
        3
      ],
      0.3081775906474816,
      3
    ],
    [
      85,
      6,
      [
        13,
        2,
        8,
        10,
        4
      ],
      0.3805494304088767,
      3
    ],
    [
      86,
      3,
      [
        7,
        1,
        6,
        12,
        13
      ],
      0.2088011743265965,
      2
    ],
    [
      87,
      4,
      [
        10,
        5,
        8,
        6,
        12
      ],
      0.1289085746512599,
      3
    ],
    [
      88,
      5,
      [
        6,
        13,
        10,
        4
      ],
      0.204759343907719,
      3
    ],
    [
      89,
      11,
      [
        6,
        9,
        5,
        10
      ],
      0.11241148583939947,
      3
    ],
    [
      90,
      0,
      [
        11,
        1,
        10,
        9
      ],
      0.26438233438972736,
      2
    ],
    [
      91,
      1,
      [
        5,
        2,
        8,
        11,
        7
      ],
      0.4865324583936117,
      2
    ],
    [
      92,
      6,
      [
        13,
        2,
        11,
        9,
        4
      ],
      0.2234429642410113,
      2
    ],
    [
      93,
      4,
      [
        0,
        2,
        10,
        3,
        5
      ],
      0.19139841275856564,
      3
    ],
    [
      94,
      11,
      [
        8,
        0,
        13,
        6
      ],
      0.10139885914127499,
      2
    ],
    [
      95,
      3,
      [
        10,
        9,
        6,
        5,
        11
      ],
      0.14155754115084604,
      2
    ],
    [
      96,
      11,
      [
        13,
        12,
        3,
        6
      ],
      0.3746212963951079,
      3
    ],
    [
      97,
      13,
      [
        2,
        5,
        9,
        7
      ],
      0.42199648190681793,
      2
    ],
    [
      98,
      10,
      [
        6,
        8,
        5,
        7,
        4
      ],
      0.46697420034928305,
      3
    ],
    [
      99,
      13,
      [
        11,
        1,
        12,
        4
      ],
      0.34863150974002655,
      2
    ]
  ],
  [
    [
      0,
      13,
      [
        3,
        1,
        7,
        12,
        5
      ],
      0.3205908544647238,
      1
    ],
    [
      1,
      11,
      [
        1,
        0,
        4,
        13
      ],
      0.10160746926813324,
      0
    ],
    [
      2,
      1,
      [
        3,
        4,
        7,
        8,
        0
      ],
      0.2658295939904486,
      1
    ],
    [
      3,
      10,
      [
        3,
        8,
        9,
        11,
        4
      ],
      0.2108428305048578,
      0
    ],
    [
      4,
      4,
      [
        13,
        8,
        10,
        0,
        2
      ],
      0.4429092408024654,
      0
    ],
    [
      5,
      10,
      [
        11,
        1,
        4,
        5
      ],
      0.10959654376972856,
      0
    ],
    [
      6,
      13,
      [
        8,
        7,
        0,
        3,
        1
      ],
      0.4837055187359963,
      0
    ],
    [
      7,
      0,
      [
        13,
        4,
        8,
        7
      ],
      0.22317931891405426,
      1
    ],
    [
      8,
      12,
      [
        6,
        11,
        13,
        4
      ],
      0.4596048054386338,
      1
    ],
    [
      9,
      5,
      [
        10,
        2,
        3,
        6
      ],
      0.25536001540519365,
      0
    ],
    [
      10,
      0,
      [
        13,
        6,
        11,
        8,
        12
      ],
      0.22486179852251806,
      1
    ],
    [
      11,
      11,
      [
        9,
        1,
        4,
        5
      ],
      0.1854447297502548,
      1
    ],
    [
      12,
      10,
      [
        0,
        12,
        2,
        8
      ],
      0.2217938175208016,
      0
    ],
    [
      13,
      3,
      [
        6,
        1,
        2,
        11
      ],
      0.24911969110470272,
      0
    ],
    [
      14,
      13,
      [
        0,
        12,
        6,
        8
      ],
      0.12088478923843154,
      1
    ],
    [
      15,
      12,
      [
        8,
        3,
        0,
        2
      ],
      0.22835775633604732,
      1
    ],
    [
      16,
      5,
      [
        7,
        8,
        3,
        12
      ],
      0.2632866882694238,
      1
    ],
    [
      17,
      2,
      [
        1,
        11,
        7,
        6
      ],
      0.4525858824951766,
      1
    ],
    [
      18,
      6,
      [
        2,
        12,
        11,
        7,
        0
      ],
      0.18491547291413762,
      0
    ],
    [
      19,
      9,
      [
        12,
        11,
        6,
        8,
        1
      ],
      0.14857142221177289,
      1
    ],
    [
      20,
      9,
      [
        11,
        7,
        6,
        13,
        8
      ],
      0.19201059155302092,
      1
    ],
    [
      21,
      11,
      [
        8,
        10,
        7,
        12
      ],
      0.21367057142664556,
      0
    ],
    [
      22,
      1,
      [
        6,
        3,
        9,
        8
      ],
      0.23125542102119848,
      0
    ],
    [
      23,
      3,
      [
        4,
        12,
        8,
        9,
        7
      ],
      0.12098619898400886,
      1
    ],
    [
      24,
      7,
      [
        1,
        3,
        2,
        11
      ],
      0.4317125383452355,
      1
    ],
    [
      25,
      5,
      [
        4,
        1,
        2,
        0
      ],
      0.3846551041079348,
      1
    ],
    [
      26,
      8,
      [
        7,
        3,
        9,
        0,
        6
      ],
      0.17839595225173857,
      1
    ],
    [
      27,
      1,
      [
        2,
        13,
        9,
        8,
        10
      ],
      0.45071697307170966,
      0
    ],
    [
      28,
      13,
      [
        0,
        8,
        1,
        2
      ],
      0.4246651988203842,
      1
    ],
    [
      29,
      7,
      [
        5,
        0,
        13,
        3
      ],
      0.4335511067167236,
      0
    ],
    [
      30,
      0,
      [
        3,
        10,
        7,
        1
      ],
      0.43967990184391825,
      1
    ],
    [
      31,
      0,
      [
        2,
        13,
        11,
        4,
        9
      ],
      0.35168391262413556,
      1
    ],
    [
      32,
      0,
      [
        7,
        1,
        6,
        11
      ],
      0.4378608334949855,
      1
    ],
    [
      33,
      1,
      [
        12,
        4,
        3,
        11,
        10
      ],
      0.37750201994340493,
      0
    ],
    [
      34,
      0,
      [
        3,
        5,
        2,
        12,
        6
      ],
      0.3440092641796141,
      0
    ],
    [
      35,
      5,
      [
        3,
        0,
        1,
        13,
        6
      ],
      0.44817939493140124,
      1
    ],
    [
      36,
      4,
      [
        2,
        1,
        11,
        5,
        7
      ],
      0.24984598106190048,
      0
    ],
    [
      37,
      12,
      [
        7,
        2,
        8,
        1,
        9
      ],
      0.23854126487324942,
      1
    ],
    [
      38,
      7,
      [
        8,
        10,
        1,
        4,
        11
      ],
      0.44905663691993636,
      0
    ],
    [
      39,
      2,
      [
        11,
        13,
        8,
        4,
        12
      ],
      0.2550520724020179,
      0
    ],
    [
      40,
      13,
      [
        7,
        10,
        1,
        5,
        6
      ],
      0.23331692004589055,
      0
    ],
    [
      41,
      11,
      [
        4,
        10,
        0,
        9,
        3
      ],
      0.10605107072451668,
      1
    ],
    [
      42,
      7,
      [
        10,
        4,
        6,
        11,
        12
      ],
      0.236627701229062,
      0
    ],
    [
      43,
      2,
      [
        8,
        4,
        1,
        6
      ],
      0.10646163932825613,
      0
    ],
    [
      44,
      9,
      [
        0,
        11,
        12,
        2
      ],
      0.28767572662991436,
      1
    ],
    [
      45,
      7,
      [
        8,
        9,
        5,
        13,
        0
      ],
      0.4881627566285335,
      0
    ],
    [
      46,
      4,
      [
        7,
        3,
        11,
        9
      ],
      0.38041799399260856,
      1
    ],
    [
      47,
      8,
      [
        7,
        11,
        6,
        3
      ],
      0.3071426719121862,
      0
    ],
    [
      48,
      4,
      [
        6,
        2,
        9,
        7
      ],
      0.13836683255972262,
      1
    ],
    [
      49,
      12,
      [
        2,
        10,
        9,
        4
      ],
      0.3653442377186874,
      0
    ],
    [
      50,
      2,
      [
        7,
        8,
        3,
        0,
        6
      ],
      0.4438749443476848,
      2
    ],
    [
      51,
      7,
      [
        5,
        6,
        9,
        11
      ],
      0.31346737436773464,
      2
    ],
    [
      52,
      3,
      [
        5,
        9,
        10,
        1
      ],
      0.12709563841782312,
      2
    ],
    [
      53,
      10,
      [
        11,
        1,
        8,
        13
      ],
      0.22338431863180205,
      2
    ],
    [
      54,
      3,
      [
        4,
        10,
        7,
        8,
        0
      ],
      0.49591536586773377,
      2
    ],
    [
      55,
      8,
      [
        9,
        1,
        7,
        2,
        12
      ],
      0.42386976435812884,
      2
    ],
    [
      56,
      1,
      [
        10,
        9,
        3,
        7
      ],
      0.3472046423322088,
      2
    ],
    [
      57,
      10,
      [
        0,
        3,
        2,
        1
      ],
      0.3937748811759926,
      3
    ],
    [
      58,
      8,
      [
        4,
        9,
        10,
        0,
        6
      ],
      0.14410197881888676,
      2
    ],
    [
      59,
      12,
      [
        6,
        13,
        4,
        1,
        3
      ],
      0.20433027606227575,
      2
    ],
    [
      60,
      12,
      [
        5,
        7,
        3,
        8
      ],
      0.4785792444285272,
      3
    ],
    [
      61,
      3,
      [
        11,
        5,
        12,
        10
      ],
      0.20331259137406543,
      3
    ],
    [
      62,
      3,
      [
        7,
        8,
        13,
        6,
        11
      ],
      0.23354743257408914,
      2
    ],
    [
      63,
      7,
      [
        4,
        9,
        0,
        2
      ],
      0.3111491333906965,
      2
    ],
    [
      64,
      5,
      [
        3,
        11,
        1,
        6,
        0
      ],
      0.22576570320009967,
      3
    ],
    [
      65,
      3,
      [
        9,
        12,
        13,
        8,
        0
      ],
      0.24937000991882857,
      2
    ],
    [
      66,
      4,
      [
        12,
        10,
        6,
        3
      ],
      0.24625458706418832,
      2
    ],
    [
      67,
      1,
      [
        4,
        10,
        12,
        0,
        6
      ],
      0.1734815820981032,
      3
    ],
    [
      68,
      13,
      [
        0,
        1,
        3,
        4
      ],
      0.3357858725491772,
      3
    ],
    [
      69,
      1,
      [
        7,
        2,
        5,
        10,
        12
      ],
      0.1341851574083709,
      3
    ],
    [
      70,
      9,
      [
        5,
        0,
        13,
        2
      ],
      0.42774421619146497,
      3
    ],
    [
      71,
      6,
      [
        0,
        8,
        13,
        7,
        1
      ],
      0.32083614509852165,
      3
    ],
    [
      72,
      11,
      [
        9,
        10,
        3,
        13,
        8
      ],
      0.10223166294036604,
      2
    ],
    [
      73,
      6,
      [
        5,
        11,
        12,
        1,
        2
      ],
      0.41255826080877067,
      3
    ],
    [
      74,
      6,
      [
        7,
        8,
        11,
        13,
        1
      ],
      0.2780003736016719,
      2
    ],
    [
      75,
      6,
      [
        5,
        11,
        9,
        1
      ],
      0.3811956677388886,
      2
    ],
    [
      76,
      9,
      [
        12,
        11,
        8,
        1,
        3
      ],
      0.13880114380961592,
      3
    ],
    [
      77,
      11,
      [
        1,
        2,
        4,
        7,
        6
      ],
      0.11255091993987804,
      2
    ],
    [
      78,
      10,
      [
        3,
        11,
        7,
        12,
        6
      ],
      0.3758262926300563,
      3
    ],
    [
      79,
      2,
      [
        1,
        9,
        3,
        10,
        6
      ],
      0.18084981743912643,
      3
    ],
    [
      80,
      2,
      [
        11,
        6,
        7,
        10,
        9
      ],
      0.3734969895737049,
      2
    ],
    [
      81,
      12,
      [
        5,
        9,
        2,
        7,
        6
      ],
      0.2312087896180402,
      3
    ],
    [
      82,
      0,
      [
        11,
        5,
        6,
        7,
        1
      ],
      0.2028222975781692,
      2
    ],
    [
      83,
      9,
      [
        6,
        3,
        12,
        13
      ],
      0.4632286209393549,
      3
    ],
    [
      84,
      13,
      [
        6,
        8,
        7,
        12
      ],
      0.2947205189393235,
      2
    ],
    [
      85,
      5,
      [
        13,
        10,
        1,
        4
      ],
      0.30024815752337186,
      2
    ],
    [
      86,
      6,
      [
        12,
        5,
        10,
        2
      ],
      0.32060204592413055,
      2
    ],
    [
      87,
      11,
      [
        2,
        7,
        5,
        4,
        1
      ],
      0.19882329340004856,
      3
    ],
    [
      88,
      9,
      [
        3,
        8,
        10,
        5
      ],
      0.1483230416867233,
      2
    ],
    [
      89,
      8,
      [
        5,
        12,
        13,
        11
      ],
      0.1435758172006148,
      2
    ],
    [
      90,
      4,
      [
        1,
        3,
        6,
        0,
        2
      ],
      0.314883476165953,
      3
    ],
    [
      91,
      8,
      [
        4,
        13,
        9,
        2,
        12
      ],
      0.29394767903016483,
      3
    ],
    [
      92,
      8,
      [
        4,
        13,
        9,
        2,
        6
      ],
      0.16404189414356743,
      2
    ],
    [
      93,
      4,
      [
        9,
        12,
        2,
        13
      ],
      0.4001539369224092,
      2
    ],
    [
      94,
      2,
      [
        0,
        7,
        6,
        9,
        4
      ],
      0.2924059970761318,
      3
    ],
    [
      95,
      6,
      [
        12,
        3,
        11,
        9,
        4
      ],
      0.3264077804286224,
      3
    ],
    [
      96,
      5,
      [
        1,
        9,
        13,
        10,
        11
      ],
      0.22093155354777094,
      2
    ],
    [
      97,
      10,
      [
        9,
        1,
        3,
        5
      ],
      0.2237278650808802,
      2
    ],
    [
      98,
      0,
      [
        10,
        1,
        13,
        2
      ],
      0.2747099683493317,
      2
    ],
    [
      99,
      5,
      [
        9,
        7,
        8,
        11
      ],
      0.2943582451131891,
      2
    ]
  ],
  [
    [
      0,
      1,
      [
        9,
        2,
        12,
        13
      ],
      0.1977780116844496,
      0
    ],
    [
      1,
      6,
      [
        7,
        9,
        2,
        5
      ],
      0.3679021190299403,
      0
    ],
    [
      2,
      1,
      [
        7,
        3,
        13,
        4
      ],
      0.2352628439443437,
      0
    ],
    [
      3,
      7,
      [
        4,
        9,
        10,
        1
      ],
      0.2903418629597634,
      1
    ],
    [
      4,
      13,
      [
        7,
        0,
        6,
        1
      ],
      0.26994092438975104,
      0
    ],
    [
      5,
      4,
      [
        1,
        3,
        2,
        8
      ],
      0.4841960049453756,
      0
    ],
    [
      6,
      1,
      [
        3,
        13,
        12,
        6,
        0
      ],
      0.17706570994050208,
      1
    ],
    [
      7,
      4,
      [
        12,
        11,
        8,
        6
      ],
      0.24892537810448695,
      0
    ],
    [
      8,
      10,
      [
        2,
        1,
        13,
        5
      ],
      0.3705392302550371,
      1
    ],
    [
      9,
      13,
      [
        5,
        2,
        9,
        1
      ],
      0.20955370821626437,
      1
    ],
    [
      10,
      12,
      [
        1,
        13,
        10,
        3,
        0
      ],
      0.13067703521748106,
      1
    ],
    [
      11,
      10,
      [
        2,
        5,
        11,
        9,
        1
      ],
      0.2177716209997007,
      0
    ],
    [
      12,
      12,
      [
        9,
        7,
        11,
        0,
        3
      ],
      0.15895412845631154,
      1
    ],
    [
      13,
      1,
      [
        8,
        10,
        7,
        9,
        0
      ],
      0.21270421791920546,
      0
    ],
    [
      14,
      8,
      [
        6,
        12,
        3,
        0
      ],
      0.10969946449916677,
      0
    ],
    [
      15,
      3,
      [
        10,
        11,
        1,
        8,
        0
      ],
      0.17302557629948268,
      1
    ],
    [
      16,
      12,
      [
        4,
        0,
        5,
        13
      ],
      0.4391717422567555,
      0
    ],
    [
      17,
      1,
      [
        5,
        10,
        6,
        3,
        11
      ],
      0.15746690894331605,
      1
    ],
    [
      18,
      13,
      [
        8,
        9,
        7,
        4,
        5
      ],
      0.4797595259955646,
      1
    ],
    [
      19,
      2,
      [
        11,
        10,
        13,
        3,
        8
      ],
      0.30354077089254383,
      0
    ],
    [
      20,
      8,
      [
        12,
        5,
        3,
        9,
        6
      ],
      0.16304511339088057,
      0
    ],
    [
      21,
      2,
      [
        11,
        1,
        13,
        0,
        6
      ],
      0.2917880223969572,
      1
    ],
    [
      22,
      8,
      [
        12,
        9,
        11,
        6
      ],
      0.37424643040194017,
      1
    ],
    [
      23,
      2,
      [
        5,
        8,
        10,
        11,
        12
      ],
      0.12254445877653018,
      1
    ],
    [
      24,
      5,
      [
        11,
        8,
        0,
        2,
        13
      ],
      0.21204883914739558,
      1
    ],
    [
      25,
      6,
      [
        1,
        4,
        0,
        3,
        7
      ],
      0.4191805334142287,
      0
    ],
    [
      26,
      8,
      [
        11,
        9,
        1,
        6,
        5
      ],
      0.3220693530386052,
      0
    ],
    [
      27,
      4,
      [
        8,
        2,
        5,
        6
      ],
      0.43645822604217754,
      1
    ],
    [
      28,
      7,
      [
        11,
        3,
        8,
        4,
        2
      ],
      0.3740474440062702,
      0
    ],
    [
      29,
      8,
      [
        13,
        2,
        1,
        7,
        4
      ],
      0.3857411272647632,
      1
    ],
    [
      30,
      9,
      [
        8,
        11,
        5,
        7
      ],
      0.4167028178098734,
      0
    ],
    [
      31,
      11,
      [
        10,
        2,
        1,
        4,
        9
      ],
      0.4485409956870733,
      0
    ],
    [
      32,
      13,
      [
        2,
        9,
        4,
        11,
        12
      ],
      0.3996359220943212,
      1
    ],
    [
      33,
      5,
      [
        7,
        13,
        0,
        10
      ],
      0.20577820522613882,
      1
    ],
    [
      34,
      9,
      [
        3,
        6,
        5,
        0,
        10
      ],
      0.4534365092546585,
      1
    ],
    [
      35,
      2,
      [
        4,
        11,
        10,
        1,
        3
      ],
      0.3063307387569565,
      0
    ],
    [
      36,
      1,
      [
        5,
        12,
        3,
        0,
        13
      ],
      0.37451277009146566,
      1
    ],
    [
      37,
      0,
      [
        6,
        1,
        12,
        5
      ],
      0.3131435720683373,
      1
    ],
    [
      38,
      3,
      [
        13,
        0,
        6,
        1,
        5
      ],
      0.1870007739143103,
      1
    ],
    [
      39,
      10,
      [
        0,
        1,
        8,
        13,
        7
      ],
      0.4026262007492577,
      0
    ],
    [
      40,
      3,
      [
        4,
        10,
        6,
        13
      ],
      0.2736214677318993,
      1
    ],
    [
      41,
      4,
      [
        6,
        0,
        13,
        5,
        9
      ],
      0.4439479587939822,
      0
    ],
    [
      42,
      8,
      [
        6,
        3,
        7,
        1,
        10
      ],
      0.2717329485207334,
      0
    ],
    [
      43,
      12,
      [
        13,
        10,
        8,
        11,
        4
      ],
      0.3345047460234123,
      1
    ],
    [
      44,
      12,
      [
        8,
        1,
        3,
        2,
        0
      ],
      0.3460856501767643,
      0
    ],
    [
      45,
      11,
      [
        13,
        12,
        9,
        5
      ],
      0.20726454784557552,
      1
    ],
    [
      46,
      13,
      [
        7,
        0,
        6,
        1
      ],
      0.4807490839804671,
      0
    ],
    [
      47,
      7,
      [
        0,
        9,
        1,
        13
      ],
      0.20776876945742903,
      1
    ],
    [
      48,
      9,
      [
        6,
        7,
        10,
        3,
        13
      ],
      0.42595886483684053,
      0
    ],
    [
      49,
      0,
      [
        1,
        2,
        10,
        3
      ],
      0.1980887742482047,
      1
    ],
    [
      50,
      5,
      [
        0,
        7,
        1,
        12,
        8
      ],
      0.3476267042923322,
      3
    ],
    [
      51,
      9,
      [
        12,
        7,
        10,
        5
      ],
      0.47045096154111754,
      2
    ],
    [
      52,
      3,
      [
        5,
        0,
        4,
        9
      ],
      0.33079587641487096,
      3
    ],
    [
      53,
      6,
      [
        4,
        0,
        1,
        13,
        8
      ],
      0.1828177343779597,
      2
    ],
    [
      54,
      7,
      [
        8,
        6,
        5,
        3,
        0
      ],
      0.26445673368140743,
      2
    ],
    [
      55,
      9,
      [
        7,
        12,
        13,
        8,
        11
      ],
      0.36371373348235014,
      2
    ],
    [
      56,
      11,
      [
        12,
        3,
        4,
        13,
        7
      ],
      0.274043250717826,
      2
    ],
    [
      57,
      5,
      [
        10,
        1,
        9,
        13,
        6
      ],
      0.32531026813886915,
      2
    ],
    [
      58,
      2,
      [
        7,
        6,
        13,
        5,
        1
      ],
      0.34541005307368755,
      2
    ],
    [
      59,
      2,
      [
        5,
        4,
        7,
        0
      ],
      0.29925999815160276,
      3
    ],
    [
      60,
      6,
      [
        11,
        7,
        1,
        10
      ],
      0.4910802176956096,
      2
    ],
    [
      61,
      8,
      [
        10,
        7,
        4,
        11,
        9
      ],
      0.2630377696284837,
      3
    ],
    [
      62,
      9,
      [
        2,
        10,
        5,
        8
      ],
      0.4801380128309689,
      2
    ],
    [
      63,
      0,
      [
        9,
        8,
        6,
        3,
        12
      ],
      0.3653094604233481,
      3
    ],
    [
      64,
      11,
      [
        10,
        2,
        1,
        9,
        0
      ],
      0.284144790359839,
      3
    ],
    [
      65,
      10,
      [
        4,
        5,
        6,
        0,
        1
      ],
      0.10361910551902516,
      2
    ],
    [
      66,
      11,
      [
        3,
        6,
        4,
        2
      ],
      0.2433677213738414,
      3
    ],
    [
      67,
      5,
      [
        7,
        11,
        13,
        2
      ],
      0.41531277391646404,
      3
    ],
    [
      68,
      0,
      [
        3,
        1,
        2,
        11
      ],
      0.35480248270650805,
      2
    ],
    [
      69,
      13,
      [
        4,
        0,
        7,
        11
      ],
      0.37815346295361596,
      2
    ],
    [
      70,
      4,
      [
        6,
        3,
        10,
        13
      ],
      0.37971649563792476,
      3
    ],
    [
      71,
      6,
      [
        8,
        12,
        5,
        0,
        13
      ],
      0.4669685894617607,
      2
    ],
    [
      72,
      10,
      [
        3,
        8,
        13,
        9,
        5
      ],
      0.1600895096284737,
      3
    ],
    [
      73,
      7,
      [
        6,
        2,
        12,
        10,
        11
      ],
      0.289246855244542,
      3
    ],
    [
      74,
      7,
      [
        13,
        5,
        3,
        8,
        12
      ],
      0.12364625700937144,
      2
    ],
    [
      75,
      12,
      [
        11,
        13,
        1,
        8,
        0
      ],
      0.138086254370382,
      2
    ],
    [
      76,
      3,
      [
        13,
        8,
        10,
        9
      ],
      0.4449144345121344,
      3
    ],
    [
      77,
      5,
      [
        7,
        0,
        10,
        2
      ],
      0.3214872904797289,
      2
    ],
    [
      78,
      11,
      [
        12,
        10,
        5,
        0
      ],
      0.28698102170082274,
      2
    ],
    [
      79,
      7,
      [
        9,
        0,
        5,
        3,
        11
      ],
      0.10139495804571808,
      2
    ],
    [
      80,
      2,
      [
        5,
        0,
        12,
        6,
        13
      ],
      0.2665900963307196,
      3
    ],
    [
      81,
      12,
      [
        2,
        1,
        13,
        11
      ],
      0.2876325985116105,
      3
    ],
    [
      82,
      0,
      [
        9,
        10,
        11,
        8
      ],
      0.3769527724920999,
      3
    ],
    [
      83,
      13,
      [
        6,
        5,
        8,
        4
      ],
      0.2874424560189897,
      3
    ],
    [
      84,
      5,
      [
        0,
        4,
        12,
        7
      ],
      0.11274207129451588,
      3
    ],
    [
      85,
      6,
      [
        4,
        9,
        3,
        5
      ],
      0.4474460510099826,
      3
    ],
    [
      86,
      0,
      [
        12,
        8,
        2,
        7,
        9
      ],
      0.3211478836136904,
      3
    ],
    [
      87,
      0,
      [
        2,
        4,
        9,
        6
      ],
      0.3174036396342842,
      2
    ],
    [
      88,
      4,
      [
        5,
        9,
        6,
        1,
        12
      ],
      0.4973127517481142,
      2
    ],
    [
      89,
      10,
      [
        13,
        6,
        11,
        1
      ],
      0.2790638105941046,
      2
    ],
    [
      90,
      3,
      [
        10,
        12,
        2,
        1,
        8
      ],
      0.3978331205259249,
      2
    ],
    [
      91,
      11,
      [
        3,
        7,
        10,
        8
      ],
      0.4249640653633011,
      3
    ],
    [
      92,
      9,
      [
        3,
        12,
        11,
        13
      ],
      0.34160154781573404,
      2
    ],
    [
      93,
      1,
      [
        6,
        3,
        9,
        11
      ],
      0.14052465849078954,
      3
    ],
    [
      94,
      3,
      [
        4,
        12,
        13,
        2
      ],
      0.1228874216789694,
      3
    ],
    [
      95,
      6,
      [
        13,
        3,
        11,
        0
      ],
      0.3960869346961716,
      2
    ],
    [
      96,
      4,
      [
        13,
        5,
        2,
        6,
        1
      ],
      0.3460695564946691,
      3
    ],
    [
      97,
      10,
      [
        6,
        11,
        4,
        13
      ],
      0.3859920222993368,
      3
    ],
    [
      98,
      10,
      [
        3,
        7,
        9,
        0
      ],
      0.12635973766959308,
      3
    ],
    [
      99,
      4,
      [
        13,
        6,
        1,
        10
      ],
      0.26414969114070047,
      2
    ]
  ],
  [
    [
      0,
      9,
      [
        11,
        2,
        12,
        6,
        5
      ],
      0.46982655735844536,
      1
    ],
    [
      1,
      3,
      [
        5,
        13,
        12,
        11
      ],
      0.1977794311947438,
      0
    ],
    [
      2,
      9,
      [
        11,
        6,
        5,
        4
      ],
      0.14507314430921184,
      0
    ],
    [
      3,
      1,
      [
        11,
        6,
        10,
        13
      ],
      0.3706683247051875,
      1
    ],
    [
      4,
      10,
      [
        7,
        11,
        4,
        9,
        2
      ],
      0.20385054172187078,
      0
    ],
    [
      5,
      10,
      [
        2,
        11,
        0,
        6,
        4
      ],
      0.18340428269752201,
      0
    ],
    [
      6,
      4,
      [
        5,
        8,
        11,
        0,
        13
      ],
      0.17481204380275242,
      0
    ],
    [
      7,
      2,
      [
        4,
        7,
        9,
        10
      ],
      0.2357694111273265,
      1
    ],
    [
      8,
      0,
      [
        1,
        12,
        13,
        6
      ],
      0.3565408238029786,
      0
    ],
    [
      9,
      1,
      [
        2,
        7,
        4,
        8,
        3
      ],
      0.3890474959103112,
      0
    ],
    [
      10,
      5,
      [
        4,
        6,
        9,
        7,
        3
      ],
      0.22509516693221732,
      1
    ],
    [
      11,
      11,
      [
        13,
        10,
        3,
        2,
        9
      ],
      0.37413885007896097,
      0
    ],
    [
      12,
      7,
      [
        2,
        9,
        3,
        10,
        5
      ],
      0.487190805811458,
      1
    ],
    [
      13,
      0,
      [
        2,
        1,
        3,
        8
      ],
      0.37056414730691223,
      1
    ],
    [
      14,
      5,
      [
        9,
        8,
        6,
        1,
        0
      ],
      0.3566407670024464,
      1
    ],
    [
      15,
      1,
      [
        4,
        2,
        0,
        10
      ],
      0.1646480585716469,
      1
    ],
    [
      16,
      5,
      [
        9,
        6,
        2,
        1
      ],
      0.34136969655931737,
      0
    ],
    [
      17,
      9,
      [
        5,
        11,
        12,
        13,
        6
      ],
      0.3216425139858097,
      0
    ],
    [
      18,
      6,
      [
        11,
        9,
        5,
        4
      ],
      0.2776196383666333,
      0
    ],
    [
      19,
      3,
      [
        8,
        4,
        0,
        13,
        10
      ],
      0.4408561714392377,
      1
    ],
    [
      20,
      9,
      [
        8,
        4,
        0,
        13,
        2
      ],
      0.24377376618070534,
      0
    ],
    [
      21,
      13,
      [
        12,
        11,
        4,
        1,
        7
      ],
      0.34338851423780087,
      0
    ],
    [
      22,
      9,
      [
        6,
        11,
        7,
        13,
        12
      ],
      0.44191415714427895,
      1
    ],
    [
      23,
      12,
      [
        0,
        11,
        6,
        8
      ],
      0.1317738829916212,
      0
    ],
    [
      24,
      10,
      [
        2,
        9,
        6,
        1
      ],
      0.34082836279347595,
      1
    ],
    [
      25,
      6,
      [
        11,
        4,
        12,
        5
      ],
      0.253527173067171,
      1
    ],
    [
      26,
      8,
      [
        0,
        2,
        7,
        12
      ],
      0.15291277218560465,
      0
    ],
    [
      27,
      8,
      [
        12,
        13,
        1,
        10
      ],
      0.3700460826002979,
      0
    ],
    [
      28,
      13,
      [
        7,
        2,
        9,
        0
      ],
      0.21252032201141835,
      1
    ],
    [
      29,
      11,
      [
        12,
        2,
        6,
        1
      ],
      0.14365504846810012,
      1
    ],
    [
      30,
      6,
      [
        8,
        7,
        3,
        0
      ],
      0.46449399472294706,
      1
    ],
    [
      31,
      12,
      [
        7,
        4,
        11,
        6
      ],
      0.18338628940119245,
      1
    ],
    [
      32,
      11,
      [
        2,
        7,
        9,
        13
      ],
      0.22814431506540123,
      1
    ],
    [
      33,
      13,
      [
        8,
        3,
        2,
        12,
        9
      ],
      0.4800143347577649,
      0
    ],
    [
      34,
      7,
      [
        2,
        9,
        12,
        5,
        13
      ],
      0.3379912338964266,
      0
    ],
    [
      35,
      7,
      [
        5,
        11,
        6,
        3,
        8
      ],
      0.1250471476263682,
      0
    ],
    [
      36,
      2,
      [
        3,
        4,
        7,
        8
      ],
      0.4385537881984425,
      0
    ],
    [
      37,
      7,
      [
        3,
        5,
        1,
        2,
        13
      ],
      0.48984435083437006,
      1
    ],
    [
      38,
      8,
      [
        1,
        12,
        9,
        10
      ],
      0.307559250632731,
      0
    ],
    [
      39,
      2,
      [
        4,
        11,
        6,
        7,
        12
      ],
      0.14932632043144545,
      1
    ],
    [
      40,
      0,
      [
        8,
        6,
        9,
        5,
        3
      ],
      0.4374488749728014,
      1
    ],
    [
      41,
      8,
      [
        4,
        6,
        5,
        10,
        1
      ],
      0.4877741956665962,
      0
    ],
    [
      42,
      8,
      [
        10,
        6,
        11,
        1
      ],
      0.3799070630735243,
      1
    ],
    [
      43,
      13,
      [
        12,
        7,
        3,
        1
      ],
      0.4510735454183087,
      1
    ],
    [
      44,
      11,
      [
        3,
        4,
        6,
        12,
        9
      ],
      0.3916415824879781,
      1
    ],
    [
      45,
      11,
      [
        10,
        9,
        5,
        7
      ],
      0.1766047686693063,
      0
    ],
    [
      46,
      2,
      [
        1,
        13,
        10,
        9
      ],
      0.10605042052916339,
      1
    ],
    [
      47,
      4,
      [
        10,
        8,
        6,
        11,
        0
      ],
      0.3064874810606176,
      1
    ],
    [
      48,
      3,
      [
        5,
        2,
        6,
        10,
        1
      ],
      0.15038658184346587,
      1
    ],
    [
      49,
      3,
      [
        9,
        11,
        1,
        13
      ],
      0.1370352869592122,
      0
    ],
    [
      50,
      13,
      [
        4,
        5,
        9,
        12,
        10
      ],
      0.4826060476252465,
      2
    ],
    [
      51,
      12,
      [
        7,
        2,
        5,
        1,
        11
      ],
      0.3076348082126553,
      2
    ],
    [
      52,
      8,
      [
        1,
        2,
        0,
        12,
        4
      ],
      0.14554496240318593,
      3
    ],
    [
      53,
      6,
      [
        2,
        10,
        12,
        4
      ],
      0.3513690375646422,
      3
    ],
    [
      54,
      5,
      [
        6,
        7,
        0,
        8,
        9
      ],
      0.25128566054430684,
      2
    ],
    [
      55,
      10,
      [
        5,
        4,
        11,
        9
      ],
      0.4034290601818572,
      2
    ],
    [
      56,
      6,
      [
        5,
        9,
        11,
        3
      ],
      0.27120056588165564,
      3
    ],
    [
      57,
      10,
      [
        0,
        11,
        7,
        1
      ],
      0.3191396717356031,
      3
    ],
    [
      58,
      3,
      [
        0,
        4,
        11,
        7
      ],
      0.350648677822442,
      3
    ],
    [
      59,
      10,
      [
        2,
        12,
        7,
        9,
        3
      ],
      0.35834646856927443,
      3
    ],
    [
      60,
      11,
      [
        6,
        3,
        1,
        0,
        7
      ],
      0.437066302083422,
      2
    ],
    [
      61,
      13,
      [
        3,
        4,
        10,
        8,
        5
      ],
      0.2748154400591406,
      2
    ],
    [
      62,
      12,
      [
        7,
        5,
        13,
        8,
        11
      ],
      0.4886690246070906,
      2
    ],
    [
      63,
      0,
      [
        1,
        9,
        7,
        10
      ],
      0.24370751657661938,
      2
    ],
    [
      64,
      3,
      [
        7,
        11,
        4,
        6
      ],
      0.11207932258181774,
      2
    ],
    [
      65,
      0,
      [
        6,
        2,
        5,
        3,
        1
      ],
      0.336147185225964,
      2
    ],
    [
      66,
      12,
      [
        2,
        13,
        1,
        5,
        0
      ],
      0.2776292108456101,
      3
    ],
    [
      67,
      2,
      [
        12,
        1,
        4,
        11
      ],
      0.25136298035201476,
      2
    ],
    [
      68,
      4,
      [
        12,
        5,
        0,
        8,
        10
      ],
      0.24203715350957355,
      2
    ],
    [
      69,
      9,
      [
        13,
        4,
        1,
        12,
        5
      ],
      0.4836663947427814,
      2
    ],
    [
      70,
      5,
      [
        6,
        3,
        12,
        1
      ],
      0.28358912856188245,
      2
    ],
    [
      71,
      6,
      [
        10,
        11,
        5,
        3,
        1
      ],
      0.45913712506161397,
      2
    ],
    [
      72,
      10,
      [
        4,
        13,
        12,
        6
      ],
      0.25943704528388556,
      2
    ],
    [
      73,
      1,
      [
        2,
        7,
        4,
        12
      ],
      0.39250998675195725,
      3
    ],
    [
      74,
      2,
      [
        4,
        8,
        1,
        0,
        5
      ],
      0.26493958017358343,
      3
    ],
    [
      75,
      2,
      [
        10,
        9,
        5,
        6,
        0
      ],
      0.2824222644399984,
      3
    ],
    [
      76,
      7,
      [
        10,
        8,
        6,
        1
      ],
      0.20798788852262795,
      3
    ],
    [
      77,
      1,
      [
        5,
        13,
        3,
        2
      ],
      0.19505103835324433,
      2
    ],
    [
      78,
      8,
      [
        12,
        0,
        5,
        13,
        7
      ],
      0.31439028538959357,
      2
    ],
    [
      79,
      12,
      [
        6,
        1,
        13,
        8
      ],
      0.36144279388569356,
      2
    ],
    [
      80,
      9,
      [
        6,
        4,
        8,
        13
      ],
      0.4169309734363451,
      3
    ],
    [
      81,
      4,
      [
        8,
        9,
        10,
        12
      ],
      0.30634645467737803,
      3
    ],
    [
      82,
      13,
      [
        9,
        7,
        2,
        6
      ],
      0.10291152581093917,
      2
    ],
    [
      83,
      4,
      [
        2,
        8,
        1,
        5
      ],
      0.427845203528873,
      3
    ],
    [
      84,
      12,
      [
        5,
        3,
        6,
        4,
        1
      ],
      0.2637495091835976,
      2
    ],
    [
      85,
      0,
      [
        10,
        12,
        9,
        2,
        1
      ],
      0.2768454416976101,
      2
    ],
    [
      86,
      1,
      [
        3,
        2,
        10,
        7
      ],
      0.47384917873896326,
      3
    ],
    [
      87,
      5,
      [
        2,
        4,
        9,
        11
      ],
      0.14391902441403637,
      3
    ],
    [
      88,
      7,
      [
        6,
        9,
        8,
        12,
        13
      ],
      0.15325638233434133,
      3
    ],
    [
      89,
      4,
      [
        12,
        9,
        3,
        11,
        10
      ],
      0.28390260014878593,
      2
    ],
    [
      90,
      3,
      [
        11,
        5,
        12,
        0,
        2
      ],
      0.13631527999773377,
      3
    ],
    [
      91,
      0,
      [
        11,
        4,
        2,
        12
      ],
      0.14734327133458508,
      2
    ],
    [
      92,
      6,
      [
        9,
        1,
        8,
        4
      ],
      0.4885808494875462,
      3
    ],
    [
      93,
      4,
      [
        12,
        6,
        9,
        5,
        11
      ],
      0.3410376061864647,
      2
    ],
    [
      94,
      11,
      [
        2,
        4,
        3,
        13,
        10
      ],
      0.39764737475007583,
      2
    ],
    [
      95,
      1,
      [
        12,
        7,
        11,
        6
      ],
      0.32667242193383583,
      2
    ],
    [
      96,
      7,
      [
        0,
        6,
        13,
        9
      ],
      0.39224674329591913,
      2
    ],
    [
      97,
      5,
      [
        10,
        11,
        8,
        3,
        6
      ],
      0.3774716211411526,
      2
    ],
    [
      98,
      3,
      [
        10,
        6,
        7,
        11,
        1
      ],
      0.16252091826120985,
      2
    ],
    [
      99,
      6,
      [
        12,
        2,
        3,
        13,
        11
      ],
      0.34546446852416046,
      2
    ]
  ]
]