[
  [
    [
      0,
      0,
      [
        9,
        5,
        7,
        8,
        2,
        10,
        3
      ],
      0.6539048107489747,
      1
    ],
    [
      1,
      10,
      [
        9,
        4,
        0,
        8,
        1
      ],
      0.7790211916599068,
      0
    ],
    [
      2,
      5,
      [
        10,
        7,
        0,
        3,
        6
      ],
      0.4684464182225771,
      1
    ],
    [
      3,
      6,
      [
        1,
        5,
        8,
        2,
        10,
        0
      ],
      0.5237124387505108,
      0
    ],
    [
      4,
      10,
      [
        9,
        8,
        3,
        1,
        6
      ],
      0.3936536803628304,
      0
    ]
  ]
]